ID	HN-B	HN-Ca	HN-CHL	HN-Cu	HN-DW	HN-Fe	HN-FW	HN-K	HN-LA	HN-Mg	HN-Mn	HN-N	HN-P	HN-S	HN-Zn	LN-B	LN-Ca	LN-CHL	LN-Cu	LN-DW	LN-Fe	LN-FW	LN-K	LN-LA	LN-Mg	LN-Mn	LN-N	LN-P	LN-S	LN-Zn
B97	17.2936558	0.343187645	402.6819048	10.42846372	7.94918586	89.80321565	31.85410414	2.194419434	1353.662251	0.219903723	56.56430444	2.683165114	0.271255947	0.174134837	24.74654892	15.46975366	0.257607934	227.7307736	5.487184481	5.679701193	64.57917427	21.81268391	2.103025906	1048.553549	0.131003135	41.35361171	1.665372036	0.265088008	0.117083008	17.28326996
CML103	18.74876753	NA	379.1497877	11.13972393	6.98891987	105.9071519	28.63725441	2.131578687	1240.481211	0.241407768	110.8882732	2.768754078	0.279607922	0.189950628	31.96686376	15.46975366	0.303590706	231.0814761	5.487184481	6.015840649	64.82243512	22.45607517	1.791837563	1111.471242	0.155267387	70.08686183	1.777237338	0.286767965	0.139801628	24.09033149
KI3	NA	NA	NA	NA	NA	NA	NA	NA	NA	NA	NA	NA	NA	NA	NA	NA	NA	NA	NA	NA	NA	NA	NA	NA	NA	NA	NA	NA	NA	NA
Ms71	18.74876753	0.375540104	420.8475888	12.20661424	8.628309336	103.1525312	36.79598955	2.206987584	1424.571396	0.173311626	59.60340759	2.876670597	0.332503763	0.182042732	25.94993472	15.76951541	0.292095013	301.2131363	6.20644631	6.96225271	75.52591261	27.94937769	2.169459372	1284.880098	0.143135261	47.59997043	2.033595323	0.315674575	0.14953818	17.28326996
N6	13.29209856	0.375540104	392.4733455	11.49535404	5.718301753	97.43139596	23.41791571	2.17556721	993.6860031	0.162559603	83.91623276	2.70549267	0.274039939	0.245305896	25.14767752	14.87023016	0.322750194	281.6625156	6.92570814	4.782241481	73.82308664	19.1062446	1.987641464	909.4858462	0.131003135	61.75838354	2.066222703	0.284359081	0.204711971	NA
Oh43	34.75499649	0.327011415	385.4723093	11.85098414	6.156445931	101.45738	23.55865289	2.23526592	1067.155142	0.162559603	57.70396812	2.826433597	0.301879855	0.187314663	33.17024957	22.06451218	0.311254501	246.5238441	6.92570814	6.22796749	70.17417387	24.60654051	2.172955871	1118.081921	0.122915052	57.17772047	1.945035292	0.308447923	0.14953818	21.44314089
W22	20.93143511	0.407892564	383.6218152	13.27350456	6.799057392	102.0930617	29.22030842	2.29496463	1299.452865	0.22348773	79.73746593	2.832015485	0.307447839	0.187314663	31.96686376	18.76713292	0.376396761	258.7903289	8.004600884	5.121644427	80.6343905	22.0679424	2.508619701	1009.544825	0.159311429	98.40368804	1.979993199	0.306039039	0.169011283	NA
W64A	17.2936558	0.343187645	365.1168739	10.07283362	4.473242047	93.8291997	15.85831883	2.379799638	839.1899116	0.144639566	68.34082913	2.698050151	0.321367797	0.176770802	32.76912097	19.06689467	0.311254501	257.8579595	6.566077225	4.622330478	78.93156453	18.20759486	2.319808796	905.2154579	0.102694842	49.26566609	1.963679509	0.298812386	0.14953818	25.98118191
33-16	12.20076477	0.492008958	460.9107867	11.85098414	7.784881793	102.7287434	33.31777077	2.266686293	1407.086704	0.209151701	73.27937175	2.91388319	0.282391914	0.179406767	21.13639149	14.87023016	0.384060556	NA	NA	5.820031258	78.20178198	24.16945405	2.07505392	1143.823748	0.187619722	NA	2.105841664	0.306039039	0.159274731	NA
38-11Goodman-Buckler	17.92034984	0.459583834	424.6357207	17.29868111	7.742103973	111.5283466	35.92131571	2.352326059	1322.079497	0.169481138	96.62675109	2.945763887	0.311173647	0.207564284	25.97082233	15.85330705	0.405220479	303.6087224	12.6388719	6.949112546	94.21247931	25.95161675	2.155876488	1152.687105	0.12041846	69.90114863	2.200455945	0.31665414	0.229010838	20.95237373
4226	19.47632339	0.459656499	398.0556694	14.34039487	6.846523012	101.45738	27.08512441	2.28239648	1238.201029	0.205567693	90.75421484	3.081339858	0.349207713	0.211038349	51.6221653	14.5704684	0.453034714	251.826695	6.20644631	5.601377437	74.5528692	21.50847174	2.082046916	1057.893482	0.171443554	65.92262269	1.966010036	0.334945649	0.169011283	34.30092377
4722	NA	0.333481907	377.9778081	10.78409383	6.043258685	99.55033493	25.5450576	2.496055021	1080.790517	0.198399678	71.75982017	2.906440671	0.324151788	0.195222558	NA	12.7718979	0.261439831		5.127553566	NA	70.17417387	NA	2.200927856	1097.415461	0.135047177	58.0105683	1.739948904	0.289176849	0.14953818	25.22484174
A188	16.92987787	0.346422891	458.104204	14.69602497	5.302064784	105.4833641	21.07363647	2.100158313	904.9172558	0.180479641	NA	3.01807845	0.351991705	0.197858523	25.94993472	13.9709449	0.334245887	370.2958809	10.8816482	NA	97.66265013	NA	2.068060924	NA	0.143135261	NA	2.411140719	0.339763417	0.230676109	22.95582123
A214NGoodman-Buckler	18.74876753	0.359363874	382.7274097	10.78409383	5.366936122	96.79571427	NA	2.411220012	1121.813688	0.216319716	62.26262284	2.876670597	0.304663847	0.182042732	35.57702119	16.06927716	0.288263115	272.571914	6.20644631	6.143116754	70.41743472	26.48076721	2.484144213	1086.471392	0.175487596	53.01348133	1.966010036	0.303630154	0.159274731	25.98118191
A239	NA	0.479067974	395.0023541	10.42846372	6.857476616	103.7882129	27.40278832	2.012181267	1085.774073	0.209151701	92.6536543	2.692468262	0.29352788	0.179406767	NA	12.1723744	0.368732966	272.5136409	5.487184481	5.372933146	73.33656494	19.64473511	1.854774531	964.5999464	0.167399512	64.25692703	1.840161571	0.265088008	0.136556111	16.52692979
A441-5	21.00522139	0.349403025	402.2961859	10.102128	9.219268494	101.042624	43.09264971	2.975206793	1498.901561	0.164083738	59.46345974	2.764907802	0.328759283	0.190199186	24.52236375	12.91987737	0.26854676	266.0174187	6.183494737	4.613468551	74.21480888	18.99932729	2.494288173	950.7051313	0.14295005	38.28577169	1.94488737	0.296083372	0.146501433	16.39133845
A554	23.84165856	0.495244204	352.2559397	NA	5.093946299	98.06707765	19.7306017	2.445782423	935.6302262	0.23782376	NA	2.75572967	0.340855738	NA	NA	16.06927716	0.453034714	296.9592009	8.364231798	4.997631812	79.90460794	20.24616607	2.218410348	897.2903129	0.171443554	82.99600319	2.136138517	0.325310112	0.169011283	29.00654259
A556	29.66210546	0.398186826	420.3541237	9.717203514	5.846093805	113.95912	21.19024727	2.35466334	1009.315898	0.158975596	101.3910758	2.897137523	0.29352788	0.192586593	33.17024957	12.1723744	0.318918296	301.0091804	NA	4.831193829	NA	18.46285335	2.183445365	874.0839434	0.151223345	NA	NA	0.30122127	NA	NA
A6	NA	NA	NA	NA	NA	NA	NA	NA	NA	NA	NA	NA	NA	NA	NA	NA	NA	NA	NA	NA	NA	NA	NA	NA	NA	NA	NA	NA	NA	NA
A619	25.66054821	0.346422891	376.4357297	10.07283362	6.003095469	103.3644251	24.67650817	2.376657601	1020.925298	0.144639566	58.46374391	2.752008411	0.274039939	0.179406767	NA	19.06689467	0.318918296	315.140404	8.723862713	6.126799305	94.01373735	25.10656741	2.445682733	1008.056078	0.110782926	55.51202482	2.241012238	0.30122127	0.165765765	24.84667166
A632	19.84010132	0.310835185	365.2402402	9.005943306	5.765767372	96.16003257	23.93261167	2.433214274	1053.676314	0.194815671	62.64251073	2.824572967	0.338071747	0.168862907	28.35670634	16.66880066	0.261439831	303.8645617	6.20644631	5.203231673	70.66069557	19.96643074	2.050578432	911.3488339	0.159311429	43.8521552	2.105841664	0.334945649	0.169011283	24.09033149
A634	19.11254546	0.430539285	436.5767889	12.56224435	5.506532067	95.94813868	19.9115495	1.974476819	949.358506	0.255743798	66.44138967	2.850621782	0.315799814	0.187314663	36.37927839	14.87023016	0.326582092	267.2399265	6.20644631	4.377568738	69.44439131	16.44176559	2.001627457	804.8757128	0.195707806	53.01348133	1.935713183	0.31808346	0.165765765	NA
A635	16.20232201	0.336717153	337.0510463	8.294683097	NA	92.55783632	13.99254599	2.210129621	758.8425511	0.201983686	56.18441655	2.70363204	0.29352788	0.184678698	NA	13.67118315	0.269103627	242.8526396	4.048660822	4.459155985	62.87634831	16.41029537	1.886243015	807.6936486	0.143135261	39.68791605	1.75160154	0.250634702	0.133310594	17.66144005
A641	25.92524512	0.454801331	354.3977611	8.468222541	5.171401722	98.08511244	19.9081888	2.237786307	937.8688466	0.242099828	77.63579032	2.765172839	0.334322109	0.193246236	46.73485738	19.27799003	0.399008037	299.5793095	7.584477009	4.541405248	79.74680991	16.99388651	1.806414932	804.9750205	0.201897379	61.33827721	2.091062538	0.323000728	0.209790908	44.6704885
A654	21.65899097	0.41112781	294.2121071	18.25232602	4.860269404	105.0595763	19.55769603	2.417504087	955.9433838	0.234239753	68.34082913	2.718517077	0.349207713	0.184678698	46.80862206	16.06927716	0.437707124	271.4938619	11.24127912	6.045212058	80.14786879	23.76383783	2.144983885	1089.89366	0.175487596	55.51202482	2.01961216	0.303630154	0.162520248	35.05726394
A659	16.56609994	0.343187645	363.7598449	10.07283362	6.901291034	100.6098044	30.80460692	2.379799638	1336.341056	0.176895633	77.83802647	2.897137523	0.301879855	0.176770802	23.14203451	15.46975366	0.311254501	341.567249	7.285339054	NA	80.6343905	NA	1.910718503	NA	0.114826968	NA	2.180418532	0.298812386	0.1722568	21.82131098
A661	23.47788063	0.349658137	357.2522738	8.294683097	5.543044082	91.92215462	21.2183947	2.483486871	1019.673648	0.137471551	70.2402686	2.727820225	0.29352788	0.171498872	25.54880612	19.36665642	0.284431217	298.5617108	5.487184481	4.025111833	71.39047812	15.73543389	2.309319302	780.9540739	0.106738884	63.00765528	2.024273214	0.298812386	0.14953818	21.44314089
A679	19.84010132	0.404657318	418.256897	11.13972393	7.332132809	101.6692739	30.74026992	2.272970368	1277.585935	0.194815671	55.80452866	2.960398931	0.315799814	0.192586593	24.74654892	16.96856241	0.349573477	292.0642616	4.767922652	5.979942261	75.76917346	23.87223527	1.970158973	1104.509948	0.126959093	46.76712261	1.912407912	0.279541313	0.152783697	17.28326996
A680	16.20232201	0.472597483	411.5951182	12.20661424	7.956488263	97.85518375	32.32054735	2.00903923	1403.822978	0.209151701	72.13970807	2.91202256	0.287959897	0.195222558	26.35106333	17.26832417	0.433875226	313.2465287	NA	7.386506392	80.6343905	28.17666264	1.935193991	1220.635612	0.155267387	74.25110098	2.115163773	0.284359081	0.1722568	NA
A682	26.75188201	0.385245842	414.6484335	12.20661424	6.481402863	110.7807115	26.56238632	2.417504087	1132.659735	0.144639566	71.00004439	2.952956412	0.313015822	0.189950628	24.34542031	16.36903891	0.364901068	282.3617926	7.285339054	5.722126562	80.6343905	22.17633984	2.379249266	1002.633178	0.11887101	57.17772047	2.070883757	0.291585734	0.14953818	18.7959503
Ab28A	NA	NA	NA	NA	NA	NA	NA	NA	NA	NA	NA	NA	NA	NA	NA	NA	NA	NA	NA	NA	NA	NA	NA	NA	NA	NA	NA	NA	NA	NA
B10	25.35346688	0.363933765	389.8512074	9.572029862	6.770182988	96.20305966	27.6154729	2.246949487	1207.016649	0.20858351	51.2934899	2.794890353	0.299599415	0.175348676	28.65005266	15.85330705	0.336883619	239.5492805	6.461278145	5.098520618	75.24637944	21.35446228	2.349424428	1048.202906	0.195107469	62.05184983	1.981669131	0.303960964	0.152131118	25.20947125
B103	23.1141027	0.388481088	400.8622522	9.717203514	NA	92.76973021	NA	2.426930199	886.9065926	0.191231663	NA	2.794802893	0.29352788	0.184678698	45.20410765	19.36665642	0.399388147	305.7001639	6.20644631	5.255447511	77.47199942	19.48738399	2.106522404	900.7019669	0.171443554	NA	2.094189028	0.289176849	0.1722568	NA
B104	12.92832063	0.352893382	414.1549684	10.42846372	8.697682164	104.8476824	37.02116903	2.376657601	1372.607445	0.155391589	75.55869911	2.718517077	0.301879855	0.176770802	25.14767752	12.1723744	0.288263115	270.7654483	5.487184481	6.068056487	72.85004324	24.41771916	1.977151969	1071.072383	0.151223345	NA	1.907746858	0.293994618	0.152783697	20.68680072
B105	15.83854408	0.469362237	391.8873557	11.13972393	7.083851108	93.6173058	28.80613902	2.254118144	1253.961502	0.198399678	74.03914753	2.7575903	0.287959897	0.182042732	29.56009215	14.87023016	0.384060556	254.7986225	6.20644631	5.092273018	69.44439131	20.74269628	2.124004895	963.3481392	0.159311429	63.84050311	1.889102641	0.31808346	0.143047145	23.7121614
B109	15.47476615	0.417598301	461.7743507	10.78409383	8.212072367	96.16003257	32.56181108	2.250976107	1272.615913	0.209151701	94.55309377	2.839458004	0.285175905	0.184678698	23.94429171	11.57285089	0.338077785	326.6493387	6.566077225	6.694646541	75.76917346	26.20802526	2.106522404	1117.727882	0.139091219	59.25984005	2.15012168	0.291585734	0.185238868	21.06497081
B14A	20.56765718	0.401422072	376.5590959	10.78409383	7.496436876	102.0930617	30.29795308	2.298106667	1310.868043	0.248575783	58.08385601	2.887834375	0.313015822	0.182042732	30.36234935	14.5704684	0.303590706	273.4751468	6.20644631	NA	75.52591261	24.19742759	2.061067927	1100.803489	0.187619722	46.35069869	2.000967943	0.320492344	0.1722568	NA
B164	18.38498959	0.53083191	384.1152803	10.78409383	6.225818759	102.9406373	24.62825542	2.197561471	1164.906726	0.244991775	60.36318337	2.96412019	0.335287755	0.195222558	35.57702119	15.46975366	0.399388147	244.804788	5.846815396	5.030266711	75.0393909	19.95594066	1.973655471	968.1882778	0.18357568	56.76129656	1.945035292	0.277132428	0.136556111	19.93046055
B2	15.63323691	0.359151262	358.8573141	9.572029862	7.684593856	99.69830054	35.99529488	2.361489239	1347.699	0.175067191	56.194383	2.719453587	0.272592876	0.164610139	18.60293893	NA	NA	NA	NA	NA	NA	NA	NA	NA	NA	NA	NA	NA	NA	NA
B37	17.2936558	0.585831091	430.6860493	11.49535404	7.354040018	100.1860166	31.21877632	2.109584425	1242.507553	0.25215979	59.98329548	2.848761152	0.313015822	0.189950628	28.75783494	16.66880066	0.4760261	256.5468151	5.846815396	5.944043872	68.4713479	23.68691061	1.854774531	1042.437977	0.191663764	38.43864431	1.891433168	0.286767965	0.159274731	21.82131098
B46	21.65899097	0.39495158	374.1534536	12.91787445	7.321179205	98.06707765	33.38210777	2.694003374	1412.251314	0.187647656	70.62015649	2.856203671	0.285175905	0.184678698	NA	15.76951541	0.303590706	257.6248672	6.92570814	5.229339592	71.87699983	21.95604826	2.375752768	935.7731132	0.11887101	46.35069869	2.000967943	0.289176849	0.139801628	22.95582123
B52	18.14633022	0.42592308	357.1655097	10.65403166	7.597483181	94.85873629	32.76919326	2.22840761	1295.959389	0.203186109	61.91390629	2.842630531	0.282462358	0.183040162	23.18274859	15.06030423	0.380370712	275.9264852	5.621895305	6.105568848	71.96459364	22.54800794	1.924397018	1057.91247	0.13616014	56.12508714	1.896268078	0.270697021	0.151306416	18.21580882
B57	10.74565304	0.37877535	371.4085539	NA	6.506961274	89.16753396	27.01274529	2.433214274	1125.86125	0.201983686	56.18441655	2.564084816	0.271255947	0.166226942	NA	NA	0.311254501	265.5208705	5.127553566	5.366406167	71.39047812	22.63440644	2.298829807	980.8279014	0.139091219	47.59997043	1.809864718	0.291585734	0.133310594	NA
B64	17.2936558	0.414363056	335.9715913	8.294683097	6.514263677	90.01510955	28.05822145	2.200703509	1166.131309	0.234239753	54.28497708	2.662698188	0.282391914	0.179406767	21.9386487	12.1723744	0.341909682	254.7403494	5.846815396	5.699282133	69.44439131	24.03657977	2.256871828	1104.398326	0.187619722	40.9371878	1.92173002	0.281950197	0.175502317	16.52692979
B68	20.93143511	0.375540104	379.7974607	10.78409383	7.058292698	100.8216983	27.84510515	1.987044968	1237.964378	0.230655745	74.41903543	2.852482412	0.315799814	0.179406767	33.97250678	14.27070665	0.292095013	285.9455875	5.846815396	6.250811919	75.28265176	26.51573413	2.137990888	996.471383	0.143135261	62.17480745	1.956687927	0.289176849	0.156029214	17.66144005
B73	16.92987787	0.449950761	411.1941778	11.85098414	6.642055729	102.7287434	28.00996871	2.159857023	1198.443407	0.248575783	73.27937175	2.906440671	0.27682393	0.189950628	NA	15.16999191	0.376396761	310.0123724	6.92570814	6.423776882	76.98547772	24.96669974	2.137990888	1135.831151	0.155267387	60.92553571	2.005628997	0.286767965	0.1722568	NA
B75	NA	0.343187645	348.2465357	10.07283362	6.663962937	93.40541191	NA	2.194419434	1161.329173	0.191231663	50.86598604	2.673861966	0.321367797	0.179406767	NA	11.57285089	0.322750194	317.1799621	7.644969969	5.552425089	85.98612924	23.51557272	2.554074178	1050.004631	0.135047177	56.76129656	2.124485881	0.313265691	0.169011283	NA
B76	16.43099552	0.402010563	369.9644268	8.998320675	7.194912359	92.70781882	29.7763997	2.136775808	1168.853806	0.18642795	53.949955	2.616320231	0.270888126	0.168722114	21.84313342	14.27070665	0.368732966	306.9530353	6.566077225	6.94593526	76.98547772	26.81295292	2.064564425	1157.794273	0.139091219	47.18354652	2.033595323	0.291585734	0.14953818	19.55229047
B77	17.65743373	0.320540923	413.7231864	12.91787445	8.288747598	104.6357885	34.65678448	2.166141098	1389.944368	0.162559603	51.24587394	2.945513894	0.315799814	0.189950628	23.54316311	14.5704684	0.303590706	NA	NA	5.141225366	80.14786879	21.54693535	2.19393486	1008.130721	0.106738884	40.52076388	NA	0.286767965	0.14953818	NA
B79	15.47476615	0.501714696	352.595197	9.36157341	6.171050737	92.76973021	26.27286985	2.769412271	1108.916427	0.184063648	55.04475287	2.744565892	0.27682393	0.171498872	21.13639149	12.47213615	0.387892454	256.8964536	NA	5.585059987	74.5528692	24.38974563	2.651976129	1004.228411	0.163355471	42.18645954	1.774906811	0.289176849	0.143047145	15.01424945
B84	16.56609994	0.420833547	426.3990712	8.294683097	NA	92.13404852	30.04060511	2.345237227	1154.448756	0.216319716	59.60340759	2.724098966	0.27682393	0.171498872	23.54316311	12.1723744	0.34574158	291.9477154	5.127553566	5.490418781	66.03873938	22.37565126	2.344284284	945.4540753	0.151223345	48.84924218	1.917068966	NA	0.146292662	21.82131098
C103	17.2936558	0.372304858	381.9255289	9.36157341	8.518773291	109.5093481	37.88971846	2.50862317	1381.673677	0.144639566	59.22351969	2.731541485	0.296311872	0.182042732	22.7409059	NA	0.23078465	269.5417135	5.127553566	6.613059294	70.41743472	28.29205346	2.375752768	1199.411043	0.122915052	45.10142695	1.76791523	0.286767965	0.126819559	13.8797392
C123	16.20232201	0.294658955	395.4958192	9.36157341	6.956059056	104.2120007	27.82097879	2.332669078	1094.956618	0.151807581	NA	2.722238336	0.34363973	0.179406767	34.77476398	12.91987737	0.262334318	288.919286	6.745094169	5.926323033	79.67961732	23.35452626	2.171708274	1084.935592	0.11579041	51.13007881	2.020855014	0.30242996	0.146501433	19.4321224
C49A	28.20699373	0.540537647	423.8083794	15.05165508	4.889479016	101.0335922	17.12093235	2.018465342	804.3737828	NA	NA	2.889695005	0.335287755	0.211038349	NA	17.86784767	0.468362305	317.2673717	10.16238637	4.289454512	76.49895602	15.24240037	2.204424355	757.0139454	0.24828035	57.59414439	2.122155354	0.373487796	0.191729903	36.56994428
CH701-30	16.20232201	0.427304039	459.8313318	14.34039487	7.551204898	111.840181	31.96669388	2.470918722	1261.995909	0.169727618	85.81567222	3.094364266	0.338071747	0.211038349	22.3397773	13.67118315	0.203961366	232.363484	NA	4.537479741	68.4713479	18.13066764	2.571556669	884.8325026	0.102694842	39.27149214	1.961348982	0.351807838	0.146292662	19.55229047
CH9	15.11098821	0.317305677	418.90457	11.13972393	5.437159239	93.19351801	22.58153478	2.681435225	1052.064019	0.187647656	70.62015649	2.80596667	0.282391914	0.171498872	27.15332053	14.87023016	0.284431217	353.0179106	9.443124542	6.097427896	76.98547772	24.30232834	2.641486634	1078.661293	0.122915052	71.75255749	2.1174943	0.286767965	0.159274731	NA
CI187-2	16.20501514	0.363933765	411.5246349	12.88345183	5.746502897	106.957647	23.69457706	2.366070829	1024.664543	0.152722979	55.58177136	2.888614821	0.303457492	0.189666724	28.65005266	12.42862408	0.243696993	253.5699928	5.33807928	5.311677804	71.06740828	21.74696786	2.311790106	996.0415114	0.093258821	37.79038083	1.911778898	0.297614377	0.137716171	19.73606015
CI21E	NA	NA	NA	NA	NA	NA	NA	NA	NA	NA	NA	NA	NA	NA	NA	NA	NA	NA	NA	NA	NA	NA	NA	NA	NA	NA	NA	NA	NA	NA
CI28AGoodman-Buckler	NA	NA	NA	NA	NA	NA	NA	NA	NA	NA	NA	NA	NA	NA	NA	NA	NA	NA	NA	NA	NA	NA	NA	NA	NA	NA	NA	NA	NA	NA
CI31A	13.34612397	0.435671317	407.6448238	9.572029862	6.954215364	101.042624	33.07648048	2.860882558	1195.521783	0.214169563	78.24840196	2.792604391	0.272592876	0.186087212	23.291592	11.14436796	0.249909435	222.4859503	4.776479848	4.754562433	65.92405916	20.44578496	2.311790106	944.5616826	0.12041846	43.49896177	1.81757902	0.291267789	0.128106206	25.20947125
CI3A	17.2936558	0.404657318	406.8455166	11.13972393	7.153223936	97.64328986	31.12629189	2.320100929	1212.095973	0.230655745	68.72071703	2.863646189	0.287959897	0.187314663	32.76912097	14.5704684	0.276767422	259.8975176	5.487184481	6.436830842	69.93091301	25.71149506	2.061067927	1149.750658	0.126959093	34.69082908	1.793551028	0.284359081	0.130065077	14.63607937
CI64	12.5645427	0.339952399	335.9715913	NA	6.886686228	87.04859498	27.96975809	2.090732201	1247.498058	0.212735708	65.68161388	NA	0.24341603	0.158319046	NA	13.67118315	0.261439831	253.1087029	5.487184481	6.652221173	65.79547853	26.01570723	2.012116952	1189.736928	0.131003135	39.27149214	1.746940485	0.274723544	0.130065077	13.12339903
CI66	13.00032611	0.387663053	381.7376467	8.998320675	7.620487228	97.27851844	37.14068948	2.549118915	1332.5801	0.214358215	82.74270197	2.723760474	0.294036589	0.172301626	24.52236375	13.77604812	0.324458736	269.9645987	5.060295873	6.081346441	72.9289716	26.15045647	2.096439631	1121.643301	0.183689509	44.70792525	1.981351839	0.273870315	0.141696451	18.21580882
Ci7Goodman-Buckler	12.77434574	0.445236324	430.4777351	12.33154817	8.714024958	102.9246767	32.02732139	2.269857437	1515.653111	0.214169563	75.18534377	2.833751718	0.288025184	0.193246236	35.34812848	13.28479482	0.442495129	318.4928803	9.269275305	6.261196175	76.2107574	25.72041483	2.12899483	1151.736349	0.222267109	67.76043077	2.048520657	0.278574613	0.190570978	27.64209841
Ci90CGoodman-Buckler	14.74721028	0.51465568	401.880024	NA	6.64570693	101.2454861	31.84204096	2.489770946	1245.000611	0.331007955	66.82127756	2.820851708	0.315799814	0.176770802	34.77476398	14.5704684	0.414715738	279.8269133	7.285339054	5.128171406	76.25569516	22.35467111	2.200927856	1013.978195	0.228060141	NA	2.066222703	0.344581186	0.169011283	NA
Ci91BGoodman-Buckler	NA	NA	NA	NA	NA	NA	NA	NA	NA	NA	NA	NA	NA	NA	NA	NA	NA	NA	NA	NA	NA	NA	NA	NA	NA	NA	NA	NA	NA	NA
CM105	NA	0.443480269	438.7665403	12.20661424	4.966154247	102.3049556	17.94122904	1.795380689	885.5810581	0.241407768	47.06710711	2.908301301	0.29352788	0.195222558	33.57137818	17.86784767	NA	322.1331745	NA	4.295981491	79.66134709	16.28791116	1.756872581	818.3720163	0.187619722	NA	2.243342765	0.284359081	NA	25.60301182
CM37	25.29677028	0.521126172	446.7236651	12.91787445	5.919117835	98.27897155	23.04395693	1.804806801	957.4393651	0.241407768	NA	2.828294226	0.318583805	0.189950628	25.54880612	20.86546518	0.456866612	340.6348796	7.644969969	5.578533008	75.52591261	21.1098489	1.704425107	992.2174297	0.211883973	NA	2.014951106	0.277132428	0.175502317	20.68680072
CM7	27.47943787	0.501714696	426.7074869	11.85098414	5.334925597	95.73624478	20.12868686	1.886499773	872.8461977	0.244991775	NA	2.951095783	0.313015822	0.187314663	30.36234935	20.56570343	0.464530407	331.5734146	8.364231798	6.090900916	75.76917346	23.41067198	1.753376082	1020.014672	0.215928015	NA	2.070883757	0.291585734	0.1722568	24.09033149
CML10	21.65899097	NA	361.9710339	11.13972393	6.598241311	93.19351801	26.92830298	2.159857023	1148.833889	0.248575783	75.938587	2.776196596	0.290743889	0.176770802	24.74654892	15.76951541	NA	234.4613151	6.20644631	5.477364822	66.76852194	23.77083121	2.211417351	1088.923304	0.171443554	43.8521552	1.777237338	0.284359081	0.123574042	15.39241954
CML108	14.38343235	0.365834366	360.0896982	11.85098414	NA	116.7137406	NA	2.291822592	1472.801612	0.230655745	66.06150177	2.876670597	0.338071747	0.182042732	24.34542031	14.27070665	0.249944138	227.5559543	6.20644631	6.675065602	72.85004324	29.2781205	2.435193238	1269.850194	0.143135261	46.76712261	1.993976362	0.315674575	0.136556111	18.03961013
CML11	NA	NA	NA	NA	NA	NA	NA	NA	NA	NA	NA	NA	NA	NA	NA	NA	NA	NA	NA	NA	NA	NA	NA	NA	NA	NA	NA	NA	NA	NA
CML14	16.43099552	0.488095625	472.48955	13.41354996	8.983477012	109.9151585	34.04701524	2.141357398	1338.693163	0.203186109	140.9408076	3.123803934	0.309468897	0.218835283	33.8996699	15.06030423	0.299608969	269.0600366	6.183494737	6.63361733	71.64313432	29.29587795	2.488911841	1205.732593	0.13616014	51.13007881	1.911461607	0.277043608	0.151306416	20.04027919
CML154Q	13.34612397	0.368716269	429.3628469	13.98725915	8.748531029	99.42943586	35.78680813	2.343162879	1393.064275	0.197411404	84.37451833	2.804034204	0.284167107	0.1825077	25.97082233	13.71288019	0.324458736	272.1135154	5.899678713	6.493731286	73.31762352	27.6184213	2.870928597	1122.130671	0.16115792	83.45902836	1.881391841	0.269054731	0.142521153	21.56053052
CML157Q	NA	NA	NA	NA	NA	NA	NA	NA	NA	NA	NA	NA	NA	NA	NA	NA	NA	NA	NA	NA	NA	NA	NA	NA	NA	NA	NA	NA	NA	NA
CML158Q	14.74721028	0.372304858	370.1132081	10.07283362	9.537458506	90.22700344	43.49105806	2.574605955	1729.347765	0.198399678	68.72071703	2.729680855	0.282391914	0.174134837	27.55444914	11.57285089	0.272935524	290.9862095	7.285339054	9.608942989	67.9848262	43.79638407	2.739388584	1596.577016	0.110782926	63.4240792	1.982323726	0.344581186	0.156029214	21.06497081
CML218	22.14877786	0.421140577	396.6771492	12.8616463	6.855602666	111.7972113	26.4473372	2.063470367	1173.179087	0.247874534	66.20218775	2.881491896	0.309468897	0.190199186	28.54120924	14.87023016	NA	219.7764972	5.127553566	5.382723616	67.9848262	25.50519025	2.295333309	1184.786538	0.171443554	46.76712261	1.914738439	0.310856807	0.130065077	18.41778022
CML220	11.83698684	0.278482726	418.6269959	9.36157341	7.45627366	91.49836683	30.26578458	2.38922575	1259.836429	0.155391589	NA	2.830154856	0.299095864	0.176770802	24.74654892	11.57285089	0.215457059	281.2837405	5.487184481	6.162697693	62.63308746	23.92818233	2.29183681	1040.096659	0.102694842	50.93136175	1.928721602	0.298812386	0.146292662	22.57765115
CML228	20.93143511	0.401422072	410.4539801	10.07283362	NA	95.31245698	NA	2.247834069	1323.128506	0.241407768	NA	2.951095783	0.301879855	0.179406767	28.35670634	NA	0.26335578	266.0453283	5.487184481	6.492310169	66.03873938	26.36887307	2.068060924	1118.281539	0.159311429	55.0956009	1.854144734	0.274723544	0.136556111	19.17412038
CML238	13.00032611	0.358968032	401.6718485	11.20593532	8.94321993	99.16057122	40.77239403	2.851503861	1488.693899	0.197600056	60.07607137	2.767193764	0.324901206	0.17946065	23.18274859	12.91987737	0.225059668	245.3769567	6.183494737	5.684098959	78.39378004	23.00503499	2.478159178	1056.142169	0.109000501	46.13507049	1.850687492	0.353202663	0.151306416	17.60765203
CML247	NA	NA	NA	NA	NA	NA	NA	NA	NA	NA	NA	NA	NA	NA	NA	NA	NA	NA	NA	NA	NA	NA	NA	NA	NA	NA	NA	NA	NA	NA
CML254	15.83854408	0.437009777	358.2083625	9.005943306	NA	100.6098044	NA	2.426930199	1251.676199	0.291583872	92.27376641	2.744565892	0.279607922	0.179406767	29.15896355	NA	0.299758808	245.9702498	5.127553566	5.52631717	64.82243512	NA	2.211417351	1033.517823	0.195707806	54.26275307	1.828508935	0.277132428	0.139801628	21.44314089
CML258	17.00277375	0.440270591	379.7308478	11.75783898	8.764938566	94.5898716	38.51939213	2.123031038	1479.466633	0.275804799	68.04002266	2.696328923	0.290178512	0.175881138	25.19217133	12.91987737	0.287184085	248.5018075	5.621895305	4.928359847	75.82210548	21.12315889	2.376008877	949.1431011	0.13616014	61.83366808	2.00262278	0.280216902	0.141696451	18.82396561
CML261	14.38343235	NA	335.4781262	7.227792785	NA	89.16753396	NA	2.084448127	1307.900221	0.212735708	55.04475287	2.625485595	0.254551997	0.163590976	19.13074848	14.5704684	0.265271729	273.2420545	5.846815396	6.94919875	67.74156535	29.35854441	2.082046916	1264.144131	0.155267387	47.18354652	1.854144734	0.27231466	0.136556111	15.77058962
CML264	NA	NA	NA	NA	NA	NA	NA	NA	NA	NA	NA	NA	NA	NA	NA	NA	NA	NA	NA	NA	NA	NA	NA	NA	NA	NA	NA	NA	NA	NA
CML277	NA	0.414363056	383.0049838	9.005943306	6.700474952	97.64328986	28.58095954	2.206987584	1213.385662	0.23782376	66.82127756	2.70177141	0.279607922	0.171498872	NA	12.7718979	0.391724352	265.0546858	5.487184481	6.24754843	70.17417387	26.62762825	2.256871828	1098.721024	0.187619722	59.25984005	1.942704765	0.274723544	0.139801628	NA
CML281	NA	NA	NA	NA	NA	NA	NA	NA	NA	NA	NA	NA	NA	NA	NA	NA	NA	NA	NA	NA	NA	NA	NA	NA	NA	NA	NA	NA	NA	NA
CML287	21.65899097	0.398186826	381.8946874	9.717203514	7.529297689	94.88866919	33.49469751	2.320100929	1340.928488	0.22348773	73.27937175	2.70549267	0.301879855	0.174134837	24.74654892	14.56905093	0.2002099	231.3671053	4.776479848	6.028661064	64.63822188	25.11821448	2.247274126	1139.156279	0.12041846	37.79038083	1.732495259	0.291267789	0.118496241	16.6952762
CML311	15.85921728	0.392445556	457.9514073	10.65403166	10.23144656	103.4624061	43.76518758	2.26047874	1495.672018	0.208772162	73.5535274	2.860918232	0.290178512	0.186619674	23.18274859	15.4883896	0.324458736	294.7989395	5.621895305	6.081346441	81.92983256	23.27387443	2.101815963	1031.982769	0.14973996	56.12508714	1.999584074	0.30242996	0.160916381	18.82396561
CML314	15.47476615	0.440245023	308.4917535	8.650313202	NA	92.76973021	NA	2.499197058	1438.59997	0.216319716	77.07825068	2.534314742	0.254551997	0.155683081	28.75783494	13.9709449	NA	268.2597056	5.846815396	7.631268132	66.76852194	32.99510368	2.347780782	1339.640844	0.18357568	45.10142695	1.791220501	0.279541313	0.130065077	17.66144005
CML321	23.84165856	0.414363056	378.2862238	9.36157341	NA	92.34594242	NA	2.279254443	1442.697641	0.219903723	54.66486498	2.696189521	0.282391914	0.166226942	24.34542031	16.66880066	NA	280.934102	6.20644631	8.042467854	69.44439131	32.99860037	2.246382333	1354.171532	0.159311429	46.76712261	2.124485881	0.289176849	0.143047145	19.93046055
CML322	13.9179022	0.406976296	361.8452146	9.572029862	5.763755932	92.17008941	24.0644729	2.39814196	1070.278377	0.180653244	70.8970623	2.680592222	0.284167107	0.175348676	35.34812848	12.0005387	0.30582141	248.1015038	5.33807928	5.796125952	63.99530324	23.55894571	2.274155785	1089.288465	0.12720837	53.48897842	1.802385491	0.281747907	0.128106206	18.51974657
CML323	NA	0.398186826	398.4257683	11.85098414	10.18006997	104.2120007	44.75769264	2.021607379	1567.833364	0.187647656	64.5419502	2.645952521	0.279607922	0.192586593	21.13639149	11.57285089	0.261439831	244.6882419	5.127553566	5.702545622	70.41743472	23.73936099	1.907222005	1008.316301	0.143135261	43.43573129	1.630414129	0.267496892	NA	15.01424945
CML328	NA	NA	NA	NA	NA	NA	NA	NA	NA	NA	NA	NA	NA	NA	NA	NA	NA	NA	NA	NA	NA	NA	NA	NA	NA	NA	NA	NA	NA	NA
CML331	NA	NA	NA	NA	NA	NA	NA	NA	NA	NA	NA	NA	NA	NA	NA	NA	NA	NA	NA	NA	NA	NA	NA	NA	NA	NA	NA	NA	NA	NA
CML332	13.00032611	0.378098046	369.7414491	10.65403166	10.12217734	99.96716527	47.43051903	2.613261177	1426.87122	0.203186109	68.04002266	2.682613147	0.278604281	0.172301626	23.18274859	12.491792	0.274759202	265.5651377	6.183494737	6.580328034	76.46502412	28.8388509	2.306116565	1209.898007	0.14295005	38.28577169	1.972235722	0.277043608	0.146501433	16.99949524
CML333	11.4732089	NA	334.6454039	9.005943306	NA	92.34594242	NA	2.087590164	1221.053572	0.148223574	64.92183809	2.567806076	0.254551997	0.166226942	25.14767752	10.37380389	0.326582092	228.1678217	5.846815396	5.692755153	67.01178279	24.13099045	2.235892839	1042.523919	0.114826968	53.01348133	1.746940485	0.257861355	0.133310594	NA
CML341	15.85921728	0.497660632	373.1307094	10.102128	8.437130897	99.4294359	42.11746979	2.297131461	1582.062292	0.264632693	88.25620671	2.899779597	0.282462358	0.175881138	21.17332584	12.491792	0.336883619	256.2728181	5.621895305	5.742232737	70.35729704	25.74719731	2.591062142	1147.312664	0.17010969	42.5672074	1.920577724	0.305603254	0.141696451	17.60765203
CML38	NA	NA	NA	NA	NA	NA	NA	NA	NA	NA	NA	NA	NA	NA	NA	NA	NA	NA	NA	NA	NA	NA	NA	NA	NA	NA	NA	NA	NA	NA
CML45	NA	NA	NA	NA	NA	NA	NA	NA	NA	NA	NA	NA	NA	NA	NA	NA	NA	NA	NA	NA	NA	NA	NA	NA	NA	NA	NA	NA	NA	NA
CML5	NA	NA	NA	NA	NA	NA	NA	NA	NA	NA	NA	NA	NA	NA	NA	NA	NA	NA	NA	NA	NA	NA	NA	NA	NA	NA	NA	NA	NA	NA
CML52	11.4732089	0.330246661	401.5716083	9.36157341	7.930929852	106.1190458	35.51729178	2.599742254	1279.095816	0.166143611	72.89948385	2.658976928	0.251768005	0.163590976	NA	13.67118315	0.376396761	285.7416317	5.846815396	8.009832956	80.39112965	34.61756859	2.428200242	1442.85639	0.187619722	NA	1.900755276	0.277132428	0.143047145	18.41778022
CML61	14.71566081	0.449835597	372.4617764	12.8616463	9.334288729	103.7312708	45.85005502	2.388763263	1615.741812	0.236702428	69.26524594	2.792339353	0.309468897	0.186619674	24.52236375	12.06370663	0.324458736	263.8382464	6.745094169	7.079309627	73.57189024	32.01115634	2.268482244	1311.325833	0.16331978	52.55722405	1.853726198	0.353202663	0.151306416	18.82396561
CML69	16.20232201	0.443480269	401.4174004	12.20661424	11.23161599	105.9071519	46.83658179	2.301248704	1736.379609	0.166143611	53.1453134	2.774335966	0.254551997	0.176770802	21.9386487	13.67118315	0.326582092	270.7945848	NA	9.360917759	72.85004324	36.84845784	2.309319302	1607.202997	0.114826968	NA	NA	0.30122127	NA	NA
CML77	NA	NA	NA	NA	NA	NA	NA	NA	NA	NA	NA	NA	NA	NA	NA	NA	NA	NA	NA	NA	NA	NA	NA	NA	NA	NA	NA	NA	NA	NA
CML91	16.43099552	0.55026817	420.7141398	13.41354996	6.918863795	107.4953764	30.54981825	2.434579163	1129.810939	0.214358215	112.7606722	2.92035326	0.294036589	0.200937723	30.55063199	13.77604812	0.430070246	284.8076401	6.745094169	6.042590589	73.57189024	26.33864408	2.435148525	1161.05853	0.16331978	64.68795855	1.975274428	0.299256666	0.160916381	21.86474956
CML92	15.28743905	0.42592308	423.5236582	9.550224336	8.925966895	99.4294359	37.10706258	2.356692132	1361.069282	0.214358215	74.77875068	2.842630531	0.278604281	0.186619674	27.20159408	14.63221886	0.287184085	292.5786507	5.621895305	5.940856478	71.00021568	22.87061527	2.193213601	1015.737655	0.13616014	48.98936096	1.990467957	0.270697021	0.151306416	20.64843598
CMV3	20.20387925	0.417598301	406.9997244	12.56224435	4.925991031	103.1525312	17.80853398	1.72311383	879.3015945	0.205567693	57.32408023	2.891555634	0.299095864	0.218946245	19.93300568	18.16760942	0.418547635	302.6699634	9.083493628	4.433048066	79.41808624	15.99069238	1.637991641	767.6906011	0.207839931	43.43573129	2.047578486	0.339763417	0.21769404	18.03961013
CO106	17.65743373	0.453186007	473.4016221	18.96358623	5.422554433	104.0001068	21.78134341	2.351521302	890.9731744	0.22348773	105.1899548	2.988308376	0.346423722	0.205766419	46.80862206	13.9709449	0.426211431	330.0000412	NA	4.619066988	83.31025987	17.51175323	2.281347316	808.2705893	0.171443554	NA	2.357538595	0.342172301	0.19497542	42.24249555
CO125	14.74721028	0.372304858	400.2145793	16.4741755	5.207133545	99.33844104	20.59513007	2.326385003	892.8952725	0.151807581	NA	2.856203671	0.368695655	0.195222558	26.75219193	13.07165965	0.284431217	310.5659667	NA	4.145860958	72.36352153	16.11307658	2.061067927	762.4258888	0.106738884	NA	2.005628997	0.296403502	0.162520248	NA
CO255	22.0227689	0.543772893	485.9232991	23.94240769	4.65215092	104.0001068	16.94802668	1.798522727	781.5792715	0.29516788	120.7653584	2.982726487	0.315799814	0.205766419	40.39056442	16.96856241	0.441539021	358.1168057	NA	4.416730616	78.44504283	15.67948682	1.630998644	795.8576333	0.195707806	NA	2.159443788	0.279541313	0.159274731	NA
D940Y	20.20387925	0.446715515	411.4409103	10.78409383	10.22753559	109.5093481	42.28473941	2.34209519	1603.645106	0.198399678	71.37993228	2.897137523	0.313015822	0.187314663	32.36799237	16.06927716	NA	250.107639	6.20644631	7.001414588	82.58047731	29.95997537	2.242885835	1303.645565	0.135047177	54.26275307	1.861136315	NA	NA	17.66144005
DE-2	NA	0.310835185	377.268452	12.56224435	7.288318391	100.6098044	30.27784777	2.181851285	1234.389385	0.144639566	78.21791436	2.759450929	0.287959897	0.174134837	23.14203451	13.07165965	0.253776036	286.0038605	8.004600884	6.012577159	83.55352072	23.87223527	2.148480383	1090.238798	0.110782926	NA	1.982323726	0.313265691	0.143047145	NA
DE1	15.83854408	0.291423709	330.3584258	9.717203514	8.303352404	106.9666213	29.10771868	2.596600216	1267.918019	0.155391589	64.5419502	2.872949338	0.324151788	0.184678698	24.74654892	13.67118315	0.223120855	297.2214298	6.92570814	6.286710308	77.95852113	26.92834374	2.358270277	1173.853426	0.106738884	NA	2.164104842	0.310856807	0.156029214	NA
DE811	14.74721028	0.576125353	451.7816824	12.20661424	6.740638169	111.4163932	29.67870951	2.081306089	1151.937044	0.241407768	96.83242113	2.936210746	0.296311872	0.203130454	23.94429171	13.07165965	0.29592691	276.8841224	NA	5.451256903	76.74221687	22.18682991	2.235892839	994.822394	0.135047177	53.01348133	1.875119478	0.274723544	0.14953818	16.14875971
E2558W	13.65587649	0.440245023	403.6996765	8.294683097	8.653867746	98.06707765	38.75826788	2.23526592	1528.128778	0.205567693	56.56430444	2.772475337	0.240632039	0.184678698	19.53187708	13.3714214	0.384060556	275.951753	4.767922652	7.164589081	71.87699983	28.75012006	1.991137962	1226.427617	0.175487596	38.43864431	1.949696346	0.248225818	0.146292662	16.14875971
EP1	20.56765718	0.352893382	433.2150579	15.40728518	4.498800457	98.91465324	18.2428087	2.458350572	736.562672	0.180479641	NA	2.902719412	0.354775697	0.189950628	43.19846464	12.1723744	0.315086399	363.1574277	9.083493628	4.517898802	77.71526027	18.81951589	2.368759772	772.8392404	0.122915052	83.82885102	2.366860703	0.34699007	0.178747834	29.76288276
F2834T	11.10943097	0.356128628	414.9260076	9.717203514	8.39098124	101.8811678	38.19934025	2.511765208	1404.181428	0.141055559	73.65925964	2.85992493	0.329719772	0.197858523	23.54316311	NA	0.215457059	228.8962353	4.048660822	4.749606582	67.25504364	20.48743779	2.599528655	915.7726166	0.106738884	48.84924218	1.779567865	0.325310112	0.146292662	NA
F6	13.57210435	0.344620522	383.4322768	10.102128	8.379620779	103.7312708	39.79721411	2.576608456	1433.618657	0.164083738	62.52651792	2.748906063	0.274746203	0.17946065	23.18274859	14.63221886	0.256121876	298.8694689	6.183494737	8.36309722	79.358158	36.95780208	2.553427821	1519.232051	0.12258032	46.84864311	2.084667835	0.28656349	0.160916381	19.4321224
F7	16.92987787	0.579360599	403.5763103	18.25232602	4.958851844	109.9331359	19.53759072	2.012181267	913.8631505	0.406272111	110.8882732	2.939932005	0.318583805	0.211038349	39.58830722	13.07165965	0.567991644	315.460906	11.60091003	5.173860265	80.39112965	18.55027064	1.725404097	879.0148176	0.405997984	NA	2.317919633	0.30122127	0.181993351	31.2755631
GA209	15.83854408	0.479067974	369.619743	11.85098414	7.255457578	110.9926054	35.24788061	2.109584425	1219.482975	0.216319716	NA	2.778057226	0.251768005	0.171498872	25.14767752	14.27070665	0.34574158	258.0619153	7.285339054	6.218177021	81.60743391	24.87928245	2.204424355	1069.870566	0.126959093	55.0956009	1.912407912	0.281950197	0.159274731	19.17412038
GT112	17.57455198	0.449835597	409.9220216	11.75783898	8.989228024	99.69830058	43.29441108	2.384181673	1465.683405	0.25904664	92.54448817	2.872348045	0.278604281	0.186619674	35.23928507	12.91987737	0.343096061	276.8310472	6.745094169	6.265436737	72.9289716	27.06451058	2.359879882	1153.456649	0.183689509	52.55722405	1.932732547	0.289736784	0.151306416	25.51369029
H105W	18.02121166	0.385245842	326.1331309	7.939052993	6.324401199	96.16003257	25.13088819	2.147288874	1137.943584	0.244991775	NA	2.699910781	0.304663847	0.163590976	27.95557774	13.9709449	0.299758808	252.9338837	5.487184481	5.04005718	74.0663475	20.59583523	2.295333309	996.9966216	0.155267387	NA	2.000967943	0.274723544	0.152783697	NA
H49	NA	NA	NA	NA	NA	NA	NA	NA	NA	NA	NA	NA	NA	NA	NA	NA	NA	NA	NA	NA	NA	NA	NA	NA	NA	NA	NA	NA	NA	NA
H84	19.47632339	0.456421253	444.7189631	11.85098414	5.506532067	97.00760816	20.80824636	2.053027753	927.3796519	0.22348773	74.41903543	2.878531227	0.313015822	0.187314663	43.59959324	16.06927716	0.422379533	315.2569502	6.20644631	5.248920531	77.22873857	19.20065528	1.798830559	867.4184808	0.195707806	NA	2.140799571	0.308447923	0.152783697	NA
H91	18.38498959	0.407892564	412.6745731	10.78409383	7.624228928	105.2714702	32.67037976	2.417504087	1303.895454	0.22348773	61.88273495	2.992029635	0.32693578	0.189950628	29.56009215	18.46737117	0.403220045	360.5060023	NA	6.635903723	84.76982498	27.16961546	2.204424355	1142.57605	0.211883973	NA	2.462412316	0.373487796	0.207957489	NA
H95	20.56765718	0.339952399	351.2998511	10.07283362	7.240852772	93.6173058	28.35175899	2.247834069	1210.873219	0.162559603	72.89948385	2.625485595	0.304663847	0.171498872	22.3397773	NA	0.215457059	258.1784615	4.767922652	6.103954876	65.79547853	23.53305618	2.183445365	1084.563208	0.102694842	52.59705741	1.73528785	0.308447923	0.130065077	15.39241954
H99	25.66054821	0.365834366	390.9621086	10.78409383	4.042400272	94.46488139	15.19082251	2.087590164	712.9927377	0.201983686	NA	2.956677672	0.313015822	0.184678698	27.95557774	12.7718979	0.272935524	258.9651482	5.846815396	3.812984992	73.82308664	14.80531392	2.176452369	730.0761222	0.139091219	NA	1.996306889	0.30122127	0.146292662	17.66144005
Hi27Goodman-Buckler	NA	NA	NA	NA	NA	NA	NA	NA	NA	NA	NA	NA	NA	NA	NA	NA	NA	NA	NA	NA	NA	NA	NA	NA	NA	NA	NA	NA	NA	NA
HP301	18.02121166	0.462891745	343.9595577	11.49535404	7.302923197	102.3049556	30.57138531	2.216413696	1366.261047	0.198399678	77.45813857	2.820851708	0.27682393	0.192586593	30.76347796	13.3714214	0.372564863	240.5508527	6.20644631	5.885301055	73.33656494	24.95970636	2.183445365	1168.770185	0.151223345	53.42990524	1.952026873	0.284359081	0.143047145	22.57765115
I137TN	12.42854788	0.344620522	382.9863215	8.446417014	5.636388176	94.05214224	25.3040228	2.200918069	968.6798139	0.175255844	57.62562482	2.566029053	0.251597741	0.168722114	25.19217133	15.91647498	0.262334318	290.3172455	5.060295873	6.318726034	70.67875636	26.7150193	2.021170988	1130.911347	0.12937023	36.85862646	1.941848664	0.270697021	0.146501433	18.82396561
i1677a	NA	NA	NA	NA	NA	NA	NA	NA	NA	NA	NA	NA	NA	NA	NA	NA	NA	NA	NA	NA	NA	NA	NA	NA	NA	NA	NA	NA	NA	NA
I205	20.20746278	0.378281276	423.8330012	10.67583718	8.317205148	102.3869474	34.07856192	2.324836518	1475.31958	0.197411404	55.58177136	2.854325382	0.303457492	0.189666724	25.30101475	15.42522168	0.212634784	238.4802526	4.214880416	5.486079137	62.70946596	22.20937171	2.188134478	1054.232343	0.13399828	30.65465465	1.811501608	0.291267789	0.128106206	16.08711941
I29	23.06635395	0.349586255	351.0976919	7.91631888	4.44102323	94.05214219	17.01627592	2.210296766	840.1567179	0.186239298	75.79795541	2.7308834	0.295741338	0.186087212	29.31986024	12.0005387	0.30582141	316.3548245	8.707675873	5.684702878	79.4253506	23.65035112	2.215016136	1049.249987	0.14078819	74.89615695	2.167030182	0.313480846	0.166546065	28.2502552
IA2132Goodman-Buckler	19.06390631	0.445236324	424.6357207	11.7796445	7.506312491	100.7737593	32.43084412	2.269857437	1161.987016	0.297960359	76.41056704	2.902330597	0.30731557	0.189666724	34.6783209	16.28139242	0.423857804	344.0262009	8.707675873	6.745644323	81.03264719	27.72058029	2.166629152	1078.239184	0.276586388	82.03188313	2.236920414	0.303960964	0.190570978	29.46656877
Ia5125	17.34857161	0.402193793	349.0908931	9.020126201	5.016124405	101.3114886	18.63036683	2.306510158	873.5842175	0.191825351	86.21235325	2.82689383	0.30731557	0.189666724	38.69716639	14.56905093	0.249909435	262.1222161	5.33807928	6.551865064	73.63908284	26.29573124	2.188134478	1209.619461	0.12720837	47.06682486	1.884430546	0.291267789	0.137716171	14.87080583
IDS28	13.34612397	0.383063779	395.3364576	13.43535549	6.373363177	104.2690002	25.69201456	2.114083375	1121.238835	0.152722979	75.18534377	2.799462279	0.295741338	0.175348676	31.99909057	12.42862408	0.318246294	270.3866242	7.584477009	4.851452063	76.85367604	18.8327483	2.059102519	880.2711236	0.12041846	57.77041412	1.993823954	0.294441083	0.147326136	25.81762804
IDS69	NA	NA	NA	NA	NA	NA	NA	NA	NA	NA	NA	NA	NA	NA	NA	NA	NA	NA	NA	NA	NA	NA	NA	NA	NA	NA	NA	NA	NA	NA
IDS91	16.77679337	0.397411289	391.3228599	11.22774084	6.597652635	98.89170649	28.12660169	2.43021309	1182.28008	0.214169563	70.28445067	2.824607868	0.291883261	0.186087212	29.31986024	15.85330705	0.355520945	320.0553057	8.707675873	6.871600842	77.818054	27.29043718	2.118242167	1189.913408	0.16115792	78.46402004	2.124488301	0.294441083	0.171351048	26.42578483
Il101	NA	NA	NA	NA	NA	NA	NA	NA	NA	NA	NA	NA	NA	NA	NA	NA	NA	NA	NA	NA	NA	NA	NA	NA	NA	NA	NA	NA	NA	NA
Il14H	12.92832063	0.456421253	383.3442411	9.36157341	6.656660534	101.6692739	34.18229913	2.744275972	1301.093324	0.191231663	65.68161388	2.822712337	0.290743889	0.197858523	25.14767752	16.06927716	0.307422603	251.7101489	NA	6.149643734	72.85004324	26.4003433	2.540088185	1113.16714	0.139091219	46.35069869	2.15012168	0.310856807	0.233921626	NA
ILLHy	16.20232201	0.559949123	376.3123634	10.42846372	6.655162753	102.0930617	30.97751259	2.266686293	1330.015872	0.248575783	66.06150177	2.954817042	0.307447839	0.192586593	30.76347796	15.76951541	0.487521793	279.0693632	6.566077225	6.515154598	80.14786879	27.01226434	2.316312298	1245.456731	0.219972057	53.84632916	2.110502718	0.284359081	0.162520248	26.73752208
K148	NA	NA	NA	NA	NA	NA	NA	NA	NA	NA	NA	NA	NA	NA	NA	NA	NA	NA	NA	NA	NA	NA	NA	NA	NA	NA	NA	NA	NA	NA
K4	14.38343235	0.417598301	391.7023063	11.85098414	7.87616183	111.6282871	36.70752618	2.646872814	1425.148209	0.248575783	68.34082913	2.720377707	0.262903972	0.174134837	25.14767752	12.1723744	0.276767422	259.6935618	7.285339054	6.900246402	72.36352153	29.97396213	2.144983885	1309.583774	0.195707806	48.01639435	1.933382656	0.253043587	0.156029214	NA
K55	15.47476615	0.459656499	402.0342318	9.717203514	6.141841125	99.33844104	24.35080213	2.238407957	1050.953555	0.273663835	NA	2.822712337	0.329719772	0.192586593	35.97814979	16.66880066	0.357237273	301.1839997	NA	4.867092217	74.79613005	18.52929049	1.987641464	874.295203	0.18357568	77.16606838	2.192071168	0.313265691	0.165765765	25.22484174
K64	13.65587649	0.385245842	367.5225163	10.78409383	6.601892512	96.37192647	28.64931759	2.285538518	1165.788587	0.212735708	61.50284705	2.761311559	0.279607922	0.174134837	28.35670634	11.57285089	0.276767422	253.1961126	5.846815396	NA	68.22808705	NA	2.162466376	NA	0.135047177	47.59997043	1.877450005	0.267496892	0.146292662	20.30863064
Ki11	12.20076477	0.449950761	416.9923927	10.07283362	10.5086781	99.33844104	50.75309633	2.304390742	1699.212704	0.262911813	74.03914753	2.748287151	0.315799814	0.195222558	29.56009215	19.27799003	0.293396527	289.7113595	7.022877577	6.740799842	75.24637944	27.37108901	2.182758147	1264.681025	0.188317559	42.78538915	2.005978777	0.300787671	0.142521153	17.30343299
Ki14	NA	NA	NA	NA	NA	NA	NA	NA	NA	NA	NA	NA	NA	NA	NA	NA	NA	NA	NA	NA	NA	NA	NA	NA	NA	NA	NA	NA	NA	NA
Ki2021	NA	NA	NA	NA	NA	NA	NA	NA	NA	NA	NA	NA	NA	NA	NA	NA	NA	NA	NA	NA	NA	NA	NA	NA	NA	NA	NA	NA	NA	NA
Ki21	NA	NA	NA	NA	NA	NA	NA	NA	NA	NA	NA	NA	NA	NA	NA	NA	NA	NA	NA	NA	NA	NA	NA	NA	NA	NA	NA	NA	NA	NA
Ki43	NA	NA	NA	NA	NA	NA	NA	NA	NA	NA	NA	NA	NA	NA	NA	NA	NA	NA	NA	NA	NA	NA	NA	NA	NA	NA	NA	NA	NA	NA
Ki44	14.48968044	0.421323807	416.2963566	13.43535549	8.627759782	104.8067295	36.63420586	2.39814196	1398.048728	0.247685881	69.05922739	2.902330597	0.311173647	0.196825748	33.33870574	14.56905093	0.324458736	283.2971921	7.022877577	6.706888472	77.818054	27.20440856	2.177381815	1208.873331	0.195107469	47.06682486	1.975591719	0.297614377	0.152131118	26.42578483
Ky21	NA	NA	NA	NA	NA	NA	NA	NA	NA	NA	NA	NA	NA	NA	NA	NA	NA	NA	NA	NA	NA	NA	NA	NA	NA	NA	NA	NA	NA	NA
KY226	13.9179022	0.368716269	409.1610718	11.22774084	7.63283475	106.6887823	31.18664904	2.191970406	1208.487244	0.191825351	96.62675109	2.797176316	0.291883261	0.178928188	29.31986024	12.85670945	0.349308503	313.887837	7.584477009	6.774711212	87.14037427	26.79039582	2.155876488	1118.05221	0.15436801	87.74046407	2.124488301	0.294441083	0.185765995	29.46656877
KY228	14.14388258	0.631570728	410.4125724	14.51735728	7.194912359	108.0331058	34.31603039	2.095541497	1209.453775	0.275804799	66.20218775	2.931783074	0.267030049	0.193778698	22.512941	17.62881646	0.492194663	317.9886219	8.429892466	6.63361733	79.67961732	26.93009086	2.037299983	1209.325262	0.258378518	48.98936096	2.093783952	0.334162899	0.180136311	22.47290634
L317	21.65899097	0.427304039	472.6614245	12.20661424	8.212072367	105.2714702	36.03198773	2.188135359	1385.995197	0.212735708	63.40228652	3.006914672	NA	0.189950628	33.97250678	NA	NA	301.9706864	NA	6.038685078	72.36352153	25.05761372	2.103025906	1156.082968	0.151223345	43.43573129	1.849483679	0.250634702	0.14953818	19.17412038
L578	NA	NA	NA	NA	NA	NA	NA	NA	NA	NA	NA	NA	NA	NA	NA	NA	NA	NA	NA	NA	NA	NA	NA	NA	NA	NA	NA	NA	NA	NA
M14	17.65743373	0.343187645	430.2851089	14.69602497	7.127665526	106.1190458	30.15319485	2.445782423	1135.957477	0.144639566	108.2290579	2.975283968	0.313015822	0.195222558	29.56009215	14.5704684	0.315086399	284.8383988	7.644969969	6.397668963	72.60751228	24.9841832	2.186941863	1124.477917	0.102694842	77.99891621	1.900755276	0.281950197	0.14953818	21.06497081
M162W	15.11098821	0.375540104	372.6422167	10.07283362	7.010827078	110.3569237	34.54419474	2.417504087	1320.919647	0.198399678	NA	2.763172189	0.271255947	0.176770802	22.3397773	14.87023016	0.28059932	255.148261	NA	6.110481855	86.95917265	24.2743548	2.092536411	1150.260831	0.114826968	41.35361171	1.90541633	0.265088008	0.143047145	17.28326996
M37W	13.65587649	0.504949942	313.2105135	9.717203514	7.156875138	100.6098044	29.8918258	2.191277397	1362.421971	0.25215979	73.65925964	2.750147781	0.265687964	0.176770802	28.75783494	NA	0.34574158	231.1980222	NA	6.068056487	74.30960835	23.99112278	2.068060924	1205.309876	0.155267387	NA	2.049909013	0.293994618	0.169011283	NA
MEF156-55-2	24.56921442	0.472597483	380.5993415	11.13972393	5.608765708	114.1710139	20.16085535	2.002755155	858.2433724	0.287999865	52.76542551	2.898998153	0.299374263	0.205766419	44.00072185	14.87023016	0.422379533	300.3681765	NA	4.132806998	88.66199861	15.74592396	1.935193991	717.515935	0.179531638	NA	2.329572269	0.286767965	0.214448523	NA
Mo17	12.20076477	0.375540104	384.855478	12.20661424	5.992141864	111.6282871	28.72169671	2.992496924	1161.256385	0.162559603	86.57544801	2.848761152	0.321367797	0.184678698	27.95557774	12.7718979	0.299758808	274.1161508	6.92570814	5.408831535	76.01243431	22.40362479	2.449179231	987.8676051	0.122915052	57.17772047	2.091858501	0.30122127	0.146292662	21.06497081
Mo18W	NA	NA	NA	NA	NA	NA	NA	NA	NA	NA	NA	NA	NA	NA	NA	NA	NA	NA	NA	NA	NA	NA	NA	NA	NA	NA	NA	NA	NA	NA
MO1W	13.29209856	0.372304858	342.6642118	13.98476477	6.492356468	111.2044993	28.53270679	2.298106667	1295.135002	0.212735708	94.17320588	2.852482412	0.290743889	0.179406767	NA	13.67118315	0.284431217	249.0295869	7.285339054	5.111853957	79.41808624	20.7322062	2.295333309	1040.114806	0.155267387	71.33613358	1.979993199	0.306039039	0.14953818	22.19948106
Mo24W	13.65587649	0.41112781	416.683977	12.20661424	8.953266268	110.5688176	39.8721021	2.379799638	1511.998881	0.234239753	100.2514122	2.900858782	0.315799814	0.195222558	22.3397773	11.57285089	0.338077785	315.1112675	8.723862713	7.938036179	84.28330328	35.16654917	2.365263273	1403.286818	0.191663764	77.5824923	2.227029075	0.296403502	0.169011283	16.14875971
Mo44	14.38343235	0.404657318	441.7273309	11.13972393	6.755242975	107.602303	31.54046129	2.766270234	1218.438348	0.176895633	83.53634486	2.885973745	0.307447839	0.182042732	26.35106333	15.16999191	0.288263115	269.8330789	6.20644631	5.908145484	74.5528692	23.97713602	2.512116199	1117.840531	0.11887101	62.59123137	2.157113261	0.315674575	0.175502317	NA
Mo45	12.20076477	0.479067974	413.9082358	10.42846372	8.281445195	109.9331359	35.88320844	2.370373526	1254.385058	0.25215979	70.62015649	2.714795818	0.254551997	0.171498872	26.35106333	10.97332739	0.338077785	NA	NA	5.261974491	79.17482539	20.34057674	2.008620454	924.0500891	0.163355471	54.26275307	NA	0.257861355	0.143047145	NA
Mo46	NA	0.320540923	452.1209396	13.62913466	6.883035026	102.7287434	28.50455935	2.191277397	1022.825816	0.166143611	72.51959596	2.852482412	0.346423722	0.187314663	26.35106333	12.7718979	0.349573477	308.7886376	7.644969969	5.647066295	83.55352072	23.30926792	2.047081934	1005.727087	0.175487596	69.254014	2.194401695	0.371078912	0.188484386	20.30863064
Mo47	18.38498959	0.39495158	395.0331957	10.78409383	6.908593437	94.2529875	27.26205114	1.980760894	1207.242264	0.216319716	83.91623276	2.817130448	0.265687964	0.176770802	NA	15.16999191	0.449202817	269.1046653	7.285339054	6.165961183	72.12026068	22.93861861	1.886243015	1088.220704	0.244236308	82.57957928	1.861136315	0.277132428	0.165765765	29.00654259
MoG	NA	NA	NA	NA	NA	NA	NA	NA	NA	NA	NA	NA	NA	NA	NA	NA	NA	NA	NA	NA	NA	NA	NA	NA	NA	NA	NA	NA	NA	NA
Mp339	11.83698684	0.41112781	390.0368615	11.49535404	8.296050001	98.06707765	38.38430911	2.166141098	1402.787495	0.219903723	90.37432694	2.783639115	0.271255947	0.174134837	26.75219193	13.3714214	0.276767422	252.5259721	7.285339054	5.833085217	82.33721646	25.90381309	2.358270277	1160.870035	0.11887101	55.0956009	1.973001617	0.30122127	0.165765765	NA
MS1334	21.65899097	0.352893382	475.7764229	15.05165508	5.8351402	102.5168495	22.14726006	2.241549995	980.0052729	NA	76.31847489	3.036684747	0.385399605	0.200494489	24.34542031	13.3714214	0.28059932	346.7244172	8.723862713	5.434939454	79.17482539	20.91753086	2.110018902	962.112767	NA	63.00765528	2.261986982	0.344581186	0.169011283	NA
MS153	NA	0.365834366	367.8000904	NA	4.670406927	98.70275934	17.76028124	2.184993322	854.2148303	0.180479641	76.69836279	2.699910781	0.29352788	0.184678698	24.74654892	15.16999191	0.349573477	263.9474971	7.285339054	5.089009528	74.0663475	19.53284098	2.064564425	955.4527828	0.147179303	57.59414439	1.991645834	0.296403502	0.159274731	NA
Mt42	23.84165856	0.446715515	384.5470623	9.36157341	3.983981048	95.52435088	14.30216777	2.46149261	941.8661637	0.227071738	106.3296185	2.815269819	0.301879855	0.192586593	28.35670634	17.86784767	0.633133904	380.6393538	9.802755457	5.164069795	90.85134628	19.12023137	2.130997892	885.2557066	0.236148225	163.3658187	2.406479665	0.327718996	0.201466454	NA
N192	21.29521304	0.420833547	420.8167472	12.20661424	7.047339093	107.1785152	27.41083044	2.1158685	1143.664524	0.176895633	65.68161388	2.923186338	0.315799814	0.203130454	26.75219193	NA	0.387892454	289.5293823	7.285339054	5.76128844	75.0393909	22.1903266	2.082046916	1026.811273	0.143135261	47.59997043	2.005628997	0.337354533	0.185238868	17.66144005
N28Ht	16.56609994	0.427304039	462.1444495	12.56224435	7.85060342	109.0855603	32.6020217	2.188135359	1314.40207	0.227071738	79.73746593	2.91202256	0.324151788	0.187314663	33.57137818	15.16999191	0.353405375	290.3743421	7.644969969	5.487155291	78.93156453	21.70428647	1.952676482	1056.714263	0.195707806	43.8521552	2.06855323	0.303630154	0.159274731	NA
NC222	18.02121166	0.407892564	387.9704764	8.650313202	7.814091405	101.45738	34.64874235	2.474060759	1550.648233	0.201983686	75.938587	2.813409189	0.304663847	0.176770802	25.94993472	13.3714214	0.334245887	273.9704681	4.767922652	6.4825197	73.33656494	27.85496702	2.732395588	1270.107677	0.143135261	55.0956009	2.089527974	0.291585734	0.146292662	18.7959503
NC230	17.2936558	0.388481088	365.2402402	9.005943306	8.266840389	96.16003257	33.86463523	2.298106667	1486.255568	0.201983686	63.78217441	2.677583225	0.268471955	0.174134837	NA	14.87023016	0.299758808	240.2303507	4.767922652	5.806977298	66.28200023	24.79536185	2.47015822	1133.608988	0.159311429	45.93427478	1.863466842	0.267496892	0.126819559	16.52692979
NC232	12.77434574	0.392628786	395.3364576	13.43535549	8.495486512	104.2690002	36.95029867	2.329418108	1459.743379	0.214169563	49.45565498	2.82689383	0.284167107	0.186087212	30.65947541	13.28479482	0.299608969	283.2149591	8.146076441	6.83284499	72.9961642	28.39805569	2.215016136	1236.205735	0.14078819	32.08179989	2.106256067	0.300787671	0.161741083	30.68288235
NC236	14.38343235	0.398186826	357.4990064	14.69602497	6.346308408	101.6692739	29.18411886	2.304390742	1294.929076	0.194815671	NA	2.826433597	0.307447839	0.184678698	36.780407	NA	0.315086399	263.2773566	5.846815396	6.208386551	73.57982579	25.86884618	2.106522404	1204.536741	0.171443554	40.10433997	2.005628997	0.308447923	0.139801628	18.41778022
NC238	17.00277375	0.315925501	384.3241874	11.20593532	9.017983083	99.69830058	36.70353985	2.306294641	1488.693899	0.164083738	64.97696448	2.762621839	0.301752743	0.175881138	27.20159408	14.20413349	0.262334318	280.2848297	6.745094169	6.783796256	79.67961732	27.30646608	2.273858575	1285.031659	0.12258032	52.55722405	1.966158311	0.292910078	0.151306416	20.64843598
NC250	13.65587649	0.404657318	483.1783995	10.42846372	6.846523012	108.8736664	29.03533957	2.210129621	956.9240013	0.176895633	77.83802647	2.774335966	0.290743889	0.197858523	21.13639149	14.87023016	0.376396761	316.3932754	7.285339054	4.749606582	74.30960835	19.02582069	2.228899842	771.9075753	0.18357568	66.75547051	2.042917431	0.30122127	0.169011283	22.57765115
NC258	15.47476615	0.327011415	406.1978436	12.91787445	8.799915806	102.5168495	42.81551961	2.536901506	1426.788302	0.144639566	60.36318337	2.85992493	0.304663847	0.179406767	21.53752009	13.3714214	0.226952752	250.3990044	5.846815396	6.557579967	66.52526109	27.78852987	2.393235259	1175.674641	0.090562716	43.01930737	1.940374238	0.27231466	0.139801628	16.52692979
NC260	14.74721028	0.330246661	491.5981478	14.34039487	7.857905823	106.7547275	34.95032201	2.668867076	1294.389206	0.148223574	84.67600854	3.096224895	0.32693578	0.197858523	29.56009215	13.77604812	0.26854676	330.6524911	6.183494737	5.451563848	73.89334956	23.32764232	2.510417168	1008.291977	0.11579041	58.97937761	1.905384195	0.321469724	0.180136311	21.25659277
NC262	NA	0.349658137	372.3029594	10.78409383	6.090724304	98.27897155	NA	2.364089452	951.8848489	0.230655745	62.26262284	2.8078273	0.307447839	0.195222558	23.94429171	15.76951541	0.29592691	285.8581778	8.004600884	5.565479048	71.14721727	21.69729309	2.148480383	927.8551585	0.151223345	45.10142695	2.06855323	0.281950197	0.159274731	17.28326996
NC264	18.38498959	0.369069612	383.8993893	10.78409383	7.551204898	102.3049556	33.60326619	2.596600216	1333.86592	0.187647656	78.21791436	2.779917855	0.285175905	0.184678698	30.36234935	17.26832417	0.292095013	268.0266132	6.92570814	6.208386551	79.66134709	24.43520262	2.561067175	1119.467264	0.159311429	53.01348133	2.126816408	0.308447923	0.165765765	23.7121614
NC290A	15.83854408	0.372304858	427.0467442	12.20661424	7.803137801	99.12654714	31.52839811	2.150430911	1142.815216	0.209151701	NA	2.8078273	0.287959897	0.179406767	19.93300568	NA	0.207793264	261.1212524	NA	5.692755153	64.57917427	22.20431337	2.386242263	978.2951831	0.11887101	49.68209001	NA	0.274723544	0.133310594	NA
NC294	20.20387925	0.414363056	398.0248279	9.36157341	5.853396208	98.70275934	26.52619677	2.150430911	977.2481319	0.209151701	61.12295916	2.642231262	0.29352788	0.174134837	22.7409059	16.06927716	0.36106917	314.5285366	5.846815396	5.588323477	72.85004324	22.41061817	1.95617298	871.2273166	0.151223345	53.84632916	1.966010036	0.296403502	0.169011283	20.68680072
NC296	14.38343235	0.527596664	358.455095	10.78409383	8.044117098	106.7547275	36.79598955	2.417504087	1305.690997	0.23782376	115.8268158	2.722238336	0.299095864	0.168862907	26.35106333	NA	0.272935524	224.700573	5.487184481	5.927726423	62.87634831	25.52966709	2.641486634	1115.158184	0.135047177	61.75838354	1.800542609	0.306039039	0.130065077	22.57765115
NC296A	NA	NA	NA	NA	NA	NA	NA	NA	NA	NA	NA	NA	NA	NA	NA	NA	NA	NA	NA	NA	NA	NA	NA	NA	NA	NA	NA	NA	NA	NA
NC298	NA	0.385245842	420.7859057	11.13972393	8.314306008	102.0930617	34.90206927	2.285538518	1365.002082	0.248575783	63.78217441	2.792942263	0.31023183	0.192586593	25.54880612	NA	0.315086399	298.5325742	6.20644631	NA	74.30960835	30.56140632	2.246382333	1288.630727	0.199751848	43.8521552	1.966010036	0.325310112	0.152783697	17.28326996
NC300	NA	NA	NA	NA	NA	NA	NA	NA	NA	NA	NA	NA	NA	NA	NA	NA	NA	NA	NA	NA	NA	NA	NA	NA	NA	NA	NA	NA	NA	NA
NC302	13.29209856	0.456421253	385.9040913	11.13972393	7.595019316	99.97412273	30.61159594	2.191277397	1231.506787	0.230655745	59.60340759	2.80968793	0.32693578	0.182042732	29.15896355	14.27070665	0.368732966	295.997695	7.285339054	5.937516893	72.12026068	21.98052511	2.043585436	986.6438745	0.159311429	33.44155733	2.017281633	0.332536765	0.156029214	24.84667166
NC304	13.00032611	0.392445556	364.6129632	11.20593532	9.006481059	92.17008946	33.97976144	2.141357398	1286.097749	0.175255844	61.91390629	2.730618362	0.317185052	0.17946065	26.5317865	12.06370663	0.343096061	262.1935881	6.183494737	6.134635737	68.75000044	23.4351781	2.053428978	1061.557207	0.183689509	41.14006216	2.048203366	0.340509487	0.160916381	23.68921992
NC306	19.47632339	0.372304858	379.3965203	10.78409383	6.335354804	97.64328986	26.16028011	2.002755155	1117.573367	0.173311626	62.26262284	2.742705262	0.299095864	0.182042732	24.74654892	14.27070665	0.391724352	283.3232985	7.644969969	5.682964683	75.52591261	22.43859171	1.742886588	985.7978089	0.135047177	55.51202482	2.005628997	0.27231466	0.162520248	19.17412038
NC310	13.29209856	0.508185188	416.9307096	10.42846372	6.868430221	119.6802552	29.29268754	2.28239648	1335.76973	0.212735708	91.89387852	2.841318634	0.285175905	0.189950628	22.3397773	10.97332739	0.303590706	297.6876145	NA	5.75476146	75.0393909	22.26725382	2.117011899	1026.387727	0.151223345	NA	2.320250161	0.313265691	0.175502317	NA
NC314	NA	NA	NA	NA	NA	NA	NA	NA	NA	NA	NA	NA	NA	NA	NA	NA	NA	NA	NA	NA	NA	NA	NA	NA	NA	NA	NA	NA	NA	NA
NC318	15.83854408	0.359363874	399.0117581	11.85098414	7.982046673	104.2120007	33.98928815	2.276112406	1395.644459	0.191231663	59.98329548	2.85992493	0.29352788	0.187314663	28.35670634	13.71288019	0.262334318	255.1324182	5.899678713	5.931771434	78.13951332	23.9998424	2.150500157	1125.819665	0.100048731	57.05684151	1.923933721	0.291267789	0.147326136	17.91158978
NC320	16.56609994	0.459656499	400.7388859	10.78409383	7.762974584	101.2454861	34.47583668	2.420646124	1409.160595	0.216319716	79.73746593	2.941792635	0.27682393	0.187314663	31.16460656	12.7718979	0.272935524	251.7684219	5.487184481	NA	67.01178279	26.00172046	2.267361323	1166.692171	0.126959093	46.35069869	1.840161571	0.260270239	0.139801628	16.14875971
NC324	11.83698684	0.456421253	413.322246	11.13972393	5.915466633	98.35397717	25.98335337	2.049885716	869.6856173	0.173311626	84.67600854	2.662698188	0.282391914	0.168862907	21.9386487	15.16999191	0.487521793	316.8594601	NA	5.000895302	76.98547772	20.99445807	1.998130959	803.9111775	0.167399512	NA	2.108172191	0.296403502	0.178747834	18.7959503
NC326	16.56609994	0.472597483	462.5145483	12.56224435	8.566238911	107.8141969	34.99053264	2.241549995	1405.75422	0.191231663	75.17881121	2.949235153	0.285175905	0.192586593	24.34542031	14.87023016	0.322750194	285.8581778	6.20644631	5.898355014	77.47199942	23.94566579	2.068060924	1076.166581	0.143135261	45.10142695	1.984654253	0.267496892	0.162520248	17.66144005
NC328	14.01965442	0.420833547	424.1167951	11.49535404	7.803137801	110.9926054	38.47679354	2.477202797	1336.552103	0.180479641	74.03914753	2.91202256	0.318583805	0.187314663	21.9386487	16.66880066	0.403220045	322.1914476	8.004600884	5.9995232	79.17482539	23.72537422	1.89673251	1065.028715	0.171443554	NA	2.115163773	0.315674575	0.178747834	21.44314089
NC33	12.42854788	0.626788225	440.1131953	11.20593532	6.556550055	116.9056403	29.44013075	2.23757079	1072.544222	0.281390852	105.4093326	2.840344568	0.278604281	0.193778698	49.97505187	12.491792	0.386583153	271.8559558	6.183494737	6.420460145	79.03669868	27.54842158	2.064181641	1272.223011	0.12937023	81.10012876	2.087706541	0.277043608	0.170526346	25.51369029
NC336	12.92832063	0.388481088	385.1330521	12.91787445	6.485054065	102.9406373	28.13060057	2.379799638	1064.220604	0.244991775	NA	2.884113116	0.31023183	0.184678698	25.94993472	17.56808592	0.29592691	240.9296278	7.285339054	4.028375323	90.36482457	18.62370116	2.770857069	815.0284994	0.171443554	68.00474226	1.973001617	0.281950197	0.159274731	22.19948106
NC338	15.47476615	0.48230322	410.7007127	10.42846372	8.420190851	99.97412273	35.65400789	2.027891454	1451.427734	0.284415857	63.02239863	2.841318634	0.290743889	0.182042732	27.55444914	13.3714214	0.288263115	285.7124951	6.92570814	6.903509892	76.49895602	28.12770896	2.211417351	1315.179928	0.151223345	42.60288346	2.038256377	NA	0.146292662	NA
NC340	NA	0.462891745	421.9887269	11.49535404	8.814520612	102.5168495	37.19005364	2.345237227	1441.58864	0.22348773	57.70396812	2.893416264	0.279607922	0.187314663	28.75783494	10.97332739	0.491353691	277.7290822	5.846815396	5.921199443	68.95786961	24.3582754	2.49113721	1034.681634	0.171443554	65.08977486	1.865797369	0.27231466	0.143047145	24.46850157
NC342	18.38498959	0.314070431	355.9260864	12.20661424	7.682648152	94.2529875	33.4946975	2.285538518	1350.157485	0.180479641	59.98329548	2.679443855	0.279607922	0.174134837	21.9386487	14.27070665	0.249944138	257.0712729	6.20644631	7.624741152	70.41743472	31.14185712	2.155473379	1345.69718	0.122915052	48.01639435	1.854144734	0.269905776	0.136556111	18.41778022
NC344	14.38343235	0.466126991	452.2134643	14.34039487	10.11069714	110.3569237	45.97205341	2.329527041	1591.180181	0.187647656	83.53634486	2.817130448	0.301879855	0.182042732	24.74654892	12.47213615	0.238448445	290.3743421	NA	7.308182635	70.17417387	30.63134015	2.183445365	1204.228583	0.102694842	41.35361171	1.858805788	0.260270239	0.136556111	16.14875971
NC346	12.5645427	0.424068793	342.2324298	10.07283362	7.295620794	102.3049556	36.31346208	2.38922575	1304.243663	0.194815671	87.3352238	2.724098966	0.315799814	0.163590976	25.14767752	14.27070665	0.311254501	202.7316192	6.20644631	5.549161599	76.74221687	23.34073814	2.554074178	1035.031565	0.135047177	75.50037273	1.856475261	0.308447923	0.14953818	27.11569216
NC348	12.20076477	NA	453.9097506	12.56224435	8.34351562	102.0930617	33.8565931	2.200703509	1405.35517	0.241407768	67.96094124	2.852482412	0.287959897	0.184678698	26.35106333	10.37380389	0.265271729	279.3607286	6.20644631	6.211650041	67.74156535	23.5680231	2.162466376	1045.868121	NA	53.01348133	1.893763695	0.286767965	0.146617214	18.7959503
NC350	16.43099552	0.435488087	372.2833943	11.20593532	7.752760499	98.89170653	31.86126712	2.306294641	1319.777269	0.214358215	76.61658559	2.844916494	0.30561082	0.190199186	28.54120924	13.77604812	0.299608969	294.7167066	6.745094169	5.26262907	79.67961732	20.37040845	2.327621892	972.1570125	0.13616014	52.55722405	2.036048543	0.324643018	0.151306416	18.21580882
NC352	10.01809718	0.317305677	384.9480027	9.717203514	6.956059056	90.65079124	29.96822598	2.433214274	1176.727172	0.194815671	NA	2.668280077	0.265687964	0.163590976	21.53752009	11.87261264	0.311254501	274.931974	8.004600884	6.985097139	78.20178198	29.51239884	2.417710747	1161.299402	0.187619722	56.76129656	2.10118061	0.31808346	0.169011283	21.06497081
NC354	13.57210435	0.358968032	394.0460129	15.06926094	7.459458899	100.2360299	31.25598303	2.26506033	1223.929048	0.164083738	71.10308085	2.851774381	0.321043129	0.186619674	23.85255617	NA	NA	NA	NA	NA	NA	NA	NA	NA	NA	NA	NA	NA	NA	NA
NC356	18.38498959	0.37877535	387.8471101	10.42846372	7.361342421	97.43139596	29.3932141	2.034175529	1108.526156	NA	NA	2.75386904	0.329719772	0.176770802	27.55444914	16.06927716	0.253776036	234.3447689	5.846815396	5.836348707	71.63373898	23.55753302	2.274354319	1058.480695	0.139091219	43.01930737	1.9543574	0.310856807	0.146292662	19.93046055
NC358	12.5645427	0.375540104	433.7702062	11.13972393	7.076548705	99.12654714	31.97875707	2.511765208	1181.373127	0.158975596	48.58665868	2.815269819	0.354775697	0.176770802	21.9386487	12.7718979	0.318918296	256.6633612	5.487184481	4.873619197	70.17417387	22.0644457	2.435193238	1013.959363	0.167399512	NA	1.893763695	0.334945649	0.130065077	17.28326996
NC360	13.65587649	0.417598301	417.1774421	10.42846372	9.924485863	97.85518375	43.27794177	2.467776684	1632.848562	0.198399678	63.78217441	2.744565892	0.301879855	0.174134837	21.13639149	16.36903891	0.399388147	262.5780796	8.004600884	4.81487638	74.5528692	20.82661687	2.816311546	956.5313366	0.207839931	68.83759009	1.963679509	0.31808346	0.146292662	21.44314089
NC362	17.65743373	0.437009777	420.0765496	13.62913466	8.438446859	103.3644251	38.70197302	2.813400794	1264.208791	0.241407768	86.9553359	2.865506819	0.299095864	0.192586593	25.14767752	16.66880066	0.36106917	284.8383988	8.723862713	6.521681578	72.12026068	27.25353606	2.316312298	1087.571517	0.228060141	NA	2.047578486	0.274723544	0.156029214	NA
NC364	22.0227689	0.479067974	347.7530706	11.49535404	7.682648152	100.8216983	32.167747	2.367231489	1150.909243	0.302335895	94.55309377	2.761311559	0.301879855	0.189950628	22.7409059	20.86546518	0.368732966	268.0557498	8.364231798	6.24102145	71.14721727	25.21496485	2.036592439	1074.114589	0.199751848	NA	2.077875338	0.281950197	0.156029214	18.03961013
NC366	11.4732089	0.401422072	437.1936203	10.07283362	9.712716177	97.21950206	44.00173296	2.477202797	1535.801442	0.158975596	69.86038071	2.794802893	0.285175905	0.179406767	24.34542031	12.7718979	0.322750194	310.099782	6.92570814	7.794442625	74.30960835	33.30281254	2.533095189	1369.559584	0.11887101	53.01348133	2.126816408	0.313265691	0.1722568	24.84667166
NC368	16.56609994	NA	NA	NA	7.65343854	97.21950206	32.09938893	2.188135359	1243.817725	0.151807581	59.98329548	2.800384782	0.285175905	0.179406767	19.53187708	15.46975366	0.265271729	289.6167919	7.285339054	5.5165267	81.1209122	21.18677611	1.826802545	1032.144123	0.139091219	37.18937257	2.056900594	0.286767965	0.159274731	19.93046055
ND246	17.65743373	0.407892564	478.3362731	13.27350456	5.630672917	99.76222883	20.10053942	2.06873794	862.127803	0.194815671	74.79892332	2.832015485	0.31023183	0.200494489	35.17589259	14.87023016	0.364901068	372.8598967	NA	4.230711694	71.39047812	14.64096941	1.95617298	718.6314678	0.143135261	87.57666625	2.131477463	0.281950197	0.181993351	21.44314089
Oh40B	18.38498959	0.433774531	395.9276012	11.85098414	8.299701202	106.5428336	36.89651611	2.250976107	1454.520282	0.130303536	80.11735383	2.692468262	0.279607922	0.168862907	26.75219193	19.66641817	0.399388147	279.2150459	8.004600884	6.985097139	78.93156453	26.49125728	2.130997892	1225.654483	NA	51.76420958	2.000967943	0.289176849	0.14953818	NA
Oh43E	20.93143511	0.336717153	395.0717101	10.78409383	7.036385489	103.3644251	29.33289816	2.52119132	1163.433056	0.151807581	56.56430444	2.779917855	0.324151788	0.184678698	23.54316311	16.06927716	0.261439831	255.5853091	6.566077225	5.709072602	80.6343905	22.09941262	2.452675729	953.2289075	0.110782926	37.60579648	2.089527974	0.34699007	0.201466454	19.93046055
Oh603	16.20232201	0.356128628	322.1237269	10.07283362	8.569890112	103.7882129	35.78670294	2.414362049	1601.799819	0.173311626	55.80452866	2.644091891	0.287959897	0.174134837	20.73526289	16.96856241	0.307422603	259.9266541	NA	6.524945068	82.82373816	26.92484705	2.225403344	1266.676507	0.151223345	47.18354652	2.021942687	0.281950197	0.152783697	18.41778022
OH7B	15.83854408	0.611713058	399.5977479	13.27350456	8.076977912	103.7882129	33.53892919	2.062453865	1347.969841	0.26649582	NA	2.858064301	0.349207713	0.189950628	NA	13.3714214	0.338077785	281.6916521	NA	6.658748152	78.93156453	25.4842101	2.054074931	1189.335295	0.135047177	55.0956009	2.189740641	0.356625606	0.191729903	NA
Os420	14.01965442	0.365834366	362.1560833	10.07283362	6.729684564	100.3979105	34.1863202	3.033343409	1310.683697	0.176895633	60.36318337	2.738984003	0.324151788	0.171498872	25.14767752	16.96856241	0.311254501	270.8528579	6.566077225	7.768334706	76.25569516	32.74683857	2.617011146	1375.027681	0.139091219	53.01348133	2.122155354	0.351807838	0.169011283	27.49386225
P39Goodman-Buckler	12.2025675	0.42610631	412.6841187	9.572029862	4.395015136	101.5803533	18.40842933	2.521844892	776.8028893	0.225341669	154.212245	2.845181531	0.315031724	0.207564284	35.34812848	11.14436796	0.504619547	327.5385011	6.461278145	4.677050729	78.13951332	18.02085318	2.032220861	801.1615842	0.229057019	167.6605973	2.203494651	0.31665414	0.19537596	27.03394162
Pa762	20.20387925	0.401422072	391.3322074	13.27350456	6.897639832	100.8216983	28.10245314	2.172425173	1228.078832	0.166143611	56.18441655	2.882252486	0.290743889	0.182042732	27.15332053	19.96617993	0.288263115	260.5967946	6.92570814	4.916044565	73.09330409	18.55376733	2.246382333	954.2961622	0.131003135	43.01930737	2.038256377	0.303630154	0.14953818	22.95582123
Pa875	16.56609994	0.391716334	405.7969032	11.13972393	8.332562016	104.8476824	36.17272491	2.172425173	1370.093173	0.227071738	89.23466326	2.833876115	0.31023183	0.184678698	28.35670634	19.66641817	0.315086399	245.6497478	5.846815396	6.032158099	73.82308664	24.81284531	2.117011899	1132.873517	0.215928015	65.50619877	1.956687927	0.298812386	0.146292662	22.95582123
Pa880	10.74565304	0.398186826	408.2642287	13.62913466	7.67899695	103.576319	31.19464994	2.17556721	1254.036118	0.184063648	70.62015649	2.817130448	0.301879855	0.176770802	25.14767752	12.1723744	0.261439831	258.848602	6.20644631	5.314190329	74.79613005	19.67970203	2.071557422	962.9629414	0.122915052	46.76712261	1.982323726	0.284359081	0.14953818	19.17412038
Pa91	13.65587649	0.472597483	413.4147707	17.54106581	8.471307672	110.9926054	40.43102975	2.420646124	1433.877204	0.194815671	75.55869911	2.910161931	0.282391914	0.208402384	30.36234935	12.47213615	0.376396761	277.4959898	NA	6.861084524	76.74221687	29.10678261	2.323305295	1251.320639	0.151223345	59.25984005	2.00329847	0.277132428	0.21769404	NA
R168	17.2936558	0.339952399	416.9307096	10.42846372	5.692743343	98.49086545	22.67804027	2.332669078	1020.362385	0.148223574	66.06150177	2.845039893	0.340855738	0.184678698	31.56573516	13.67118315	0.28059932	317.6170102	6.92570814	5.399041065	73.82308664	22.17633984	2.277850818	995.8793768	0.110782926	50.09851392	2.103511137	0.332536765	0.159274731	23.33399132
R177	15.83854408	0.49847945	417.4550162	13.27350456	7.890766636	101.2454861	32.36075798	2.272970368	1272.601282	0.287999865	89.99443905	2.796663522	0.279607922	0.187314663	24.34542031	14.5704684	0.36106917	315.1112675	NA	6.825186135	76.98547772	26.57517788	2.186941863	1129.31155	0.199751848	58.42699222	2.208384858	0.30122127	0.178747834	NA
R229	15.83854408	0.547008139	396.1743337	12.56224435	7.412459242	102.3049556	33.15290723	2.203845546	1248.548537	0.241407768	NA	2.668280077	0.262903972	0.166226942	20.73526289	11.57285089	0.34574158	318.6076527	NA	6.531472048	87.2024335	24.41072578	2.214913849	1087.230146	0.191663764	62.17480745	2.028934269	0.31808346	0.175502317	19.93046055
R4	15.06145867	0.402193793	458.7513011	11.7796445	7.53506755	115.8301815	33.34549563	2.361489239	1281.100057	0.175067191	72.12228558	2.938905999	0.299599415	0.193246236	25.30101475	14.56905093	0.367945828	318.2461816	9.269275305	6.261196175	86.81891495	25.40856108	2.274155785	1190.631942	0.201897379	61.33827721	2.179185005	0.307134258	0.171351048	24.60131446
SA24	14.48968044	0.435671317	355.3342672	9.572029862	7.960642419	97.00965371	33.69521533	2.466865811	1378.81507	0.230927722	94.78891618	2.701165886	0.284167107	0.175348676	29.31986024	13.28479482	0.399008037	232.7239484	5.899678713	6.60515436	69.781571	27.59153736	2.392435081	1231.220255	0.18152765	56.34326889	1.875314429	0.284921201	0.142521153	22.77684409
SC213R	NA	NA	NA	NA	NA	NA	NA	NA	NA	NA	NA	NA	NA	NA	NA	NA	NA	NA	NA	NA	NA	NA	NA	NA	NA	NA	NA	NA	NA	NA
SC357	17.34857161	0.435671317	410.6327243	9.572029862	7.523565527	99.96716522	33.20426268	2.40730514	1227.32413	0.180653244	113.1672653	2.868041158	0.284167107	0.1825077	28.65005266	20.26594168	0.303590706	328.8054429	9.083493628	6.185542122	84.76982498	24.26736142	2.249878832	1148.136936	0.135047177	59.67626396	2.327241742	0.279541313	0.1722568	28.6283725
SC55	10.38187511	0.469362237	390.0985447	8.294683097	7.390552033	92.76973021	35.41676523	2.414362049	1280.048269	0.234239753	89.99443905	2.712935188	0.24341603	0.171498872	22.3397773	10.37380389	0.364901068	237.7828811	4.767922652	6.303027757	62.3898266	27.61719199	2.368759772	1163.022691	0.171443554	55.0956009	1.784228919	0.238590282	0.133310594	15.01424945
SD40	11.10943097	0.372304858	447.9573278	9.717203514	6.386471625	101.0335922	26.29297516	2.376657601	1003.404395	0.194815671	69.10060492	2.64967378	0.26011998	0.168862907	22.3397773	NA	NA	295.7937392	NA	5.239130062	NA	20.30910652	2.117011899	923.4871868	0.126959093	57.59414439	NA	0.308447923	0.139801628	17.28326996
SD44	20.20387925	0.336717153	394.3855227	10.78409383	5.747511365	98.70275934	22.21159706	2.210129621	1023.859469	0.158975596	75.938587	2.832015485	0.29352788	0.184678698	NA	17.86784767	0.315086399	286.5574549	6.20644631	4.932362015	72.36352153	18.22857501	1.889739514	942.1711629	0.151223345	66.3390466	1.961348982	0.27231466	0.146292662	18.41778022
Sg1533	17.34857161	0.493061358	363.4952492	10.12393352	7.299276069	100.2360299	32.01387063	2.4256315	1304.404093	0.197411404	96.62675109	2.714881661	0.272592876	0.168189651	29.98966783	13.28479482	0.280971643	281.8169996	5.899678713	5.883326619	72.35324556	23.91381378	2.397811412	1128.203323	0.1475781	37.07680821	2.066752892	0.288094495	0.1569361	27.03394162
Sg18	17.92034984	0.488278855	396.1391771	11.7796445	7.379790233	98.89170649	27.91811495	2.237786307	1305.876419	0.236513775	84.37451833	2.81774998	0.295741338	0.186087212	21.28216926	15.85330705	0.349308503	249.6228128	6.461278145	5.156654396	73.31762352	20.93507275	2.172005483	985.6040257	0.16115792	64.19256768	1.942165956	0.281747907	0.137716171	20.95237373
T232	10.74565304	0.41112781	426.0289724	10.07283362	8.719589373	102.5168495	36.32150422	2.288680555	1437.771511	0.209151701	53.1453134	2.80596667	0.287959897	0.182042732	25.54880612	14.87023016	0.334245887	273.0672352	6.92570814	5.777605889	79.41808624	24.60654051	2.267361323	1107.678499	0.11887101	46.76712261	2.033595323	0.274723544	0.159274731	25.22484174
T234	11.83698684	0.336717153	406.2595267	10.78409383	7.595019316	98.91465324	36.53864157	2.34209519	1374.684262	0.176895633	NA	2.744565892	0.27682393	0.174134837	24.74654892	12.47213615	0.265271729	278.8071343	6.566077225	6.789287747	70.90395642	28.68368293	2.277850818	1249.869214	0.126959093	NA	1.940374238	0.296403502	0.159274731	NA
T8	12.92832063	0.446715515	452.4910385	13.62913466	7.905371442	106.7547275	36.6632945	2.439498348	1232.871093	0.173311626	92.27376641	2.737123374	0.265687964	0.174134837	21.53752009	10.37380389	0.307422603	275.4855683	NA	6.772970298	71.63373898	27.1486353	2.071557422	1154.113152	0.135047177	49.68209001	NA	0.260270239	0.139801628	15.01424945
Tx303	NA	NA	NA	NA	NA	NA	NA	NA	NA	NA	NA	NA	NA	NA	NA	NA	NA	NA	NA	NA	NA	NA	NA	NA	NA	NA	NA	NA	NA	NA
Tx601	12.92832063	0.524361418	400.091213	11.13972393	8.376376434	100.8216983	44.11432269	2.480344834	1442.260186	0.234239753	56.56430444	2.850621782	0.285175905	0.182042732	35.97814979	NA	0.330413989	264.4719549	5.846815396	5.901618504	73.09330409	24.87928245	2.358270277	1111.013456	0.187619722	42.60288346	1.979993199	0.31808346	0.139801628	25.98118191
Tzi10	18.38498959	0.495244204	401.2631926	11.13972393	9.482690483	105.2714702	40.85726234	2.464634647	1390.101282	0.216319716	116.2067037	2.830154856	0.301879855	0.187314663	30.36234935	16.96856241	0.322750194	272.1057293	5.487184481	7.024259017	76.49895602	29.65576319	2.428200242	1271.461177	0.151223345	52.1806335	1.966010036	0.315674575	0.146292662	19.93046055
Tzi11	14.74721028	0.414363056	379.9825101	15.40728518	7.364993622	105.2714702	28.9147077	2.455208535	1192.330732	0.198399678	69.10060492	2.794802893	0.299095864	0.179406767	29.15896355	13.9709449	0.284431217	260.1014734	10.52201729	5.836348707	70.17417387	23.49459257	2.526102192	1083.913336	0.135047177	48.84924218	2.031264796	0.293994618	0.152783697	NA
Tzi16	NA	NA	NA	NA	NA	NA	NA	NA	NA	NA	NA	NA	NA	NA	NA	NA	NA	NA	NA	NA	NA	NA	NA	NA	NA	NA	NA	NA	NA	NA
Tzi18	NA	0.352893382	400.4613118	NA	8.942312664	NA	39.40163783	2.313816854	1498.336439	0.180479641	60.74307127	2.627346224	0.248984014	NA	NA	11.87261264	0.307422603	254.5363936	5.487184481	6.632640233	71.39047812	26.88638344	2.365263273	1250.080816	0.139091219	41.77003563	1.882111059	0.255452471	0.133310594	17.66144005
Tzi25	15.11098821	0.343187645	371.3468708	11.13972393	7.719160166	100.1860166	35.52935496	2.524333357	1406.42284	0.194815671	NA	2.75572967	0.268471955	0.168862907	23.94429171	16.06927716	0.318918296	255.0899879	5.487184481	6.524945068	66.76852194	28.5717888	2.43169674	1219.515628	0.151223345	47.18354652	1.749271012	0.291585734	0.126819559	20.68680072
Tzi8	NA	0.424068793	418.5653127	11.13972393	7.85060342	100.3979105	36.17674597	2.367231489	1328.692532	0.216319716	71.75982017	2.833876115	0.299095864	0.184678698	25.94993472	16.06927716	0.483689896	263.5978586	6.20644631	7.565998334	76.98547772	32.8622294	2.487640712	1354.191391	0.18357568	82.16315536	2.01961216	0.322901228	0.14953818	22.57765115
Tzi9	NA	0.359363874	422.5438751	11.13972393	8.091582718	93.40541191	35.75453445	2.612310403	1416.462739	0.187647656	47.8268829	2.768754078	0.26011998	0.171498872	21.53752009	13.07165965	0.29592691	267.4147458	6.566077225	7.451776189	69.93091301	30.06137942	2.326801793	1346.219337	0.135047177	39.68791605	1.837831044	0.260270239	0.143047145	15.39241954
U267Y	NA	NA	NA	NA	NA	NA	NA	NA	NA	NA	NA	NA	NA	NA	NA	NA	NA	NA	NA	NA	NA	NA	NA	NA	NA	NA	NA	NA	NA	NA
VA102	14.38343235	0.430539285	403.7922012	15.05165508	7.463576062	105.695258	35.87516631	2.700287449	1306.065541	0.244991775	86.9553359	2.869228078	0.296311872	0.189950628	23.14203451	16.66880066	0.376396761	309.4587781	9.083493628	7.510519007	81.36417305	32.55801723	2.487640712	1293.635901	0.199751848	55.51202482	2.164104842	0.279541313	0.175502317	19.55229047
Va14	NA	NA	NA	NA	NA	NA	NA	NA	NA	NA	NA	NA	NA	NA	NA	NA	NA	NA	NA	NA	NA	NA	NA	NA	NA	NA	NA	NA	NA	NA
Va17	NA	NA	NA	NA	NA	NA	NA	NA	NA	NA	NA	NA	NA	NA	NA	NA	NA	NA	NA	NA	NA	NA	NA	NA	NA	NA	NA	NA	NA	NA
Va22	17.65743373	0.404657318	454.6807898	13.27350456	8.259537986	110.9926054	40.32648214	2.555753731	1509.38256	0.173311626	56.94419233	2.850621782	0.285175905	0.176770802	20.33413429	18.16760942	0.311254501	310.420284	NA	6.691383051	85.98612924	30.16977686	2.319808796	1270.378172	0.135047177	NA	2.038256377	0.310856807	0.14953818	17.66144005
Va26	15.28743905	0.42592308	429.5757528	11.20593532	9.234408782	104.5378649	30.87698603	2.384181673	1244.124968	0.231116375	66.20218775	2.812913017	0.270888126	0.183040162	26.5317865	16.66880066	0.334245887	304.3598829	6.92570814	6.165961183	74.79613005	23.50158596	2.256871828	1054.806422	0.18357568	38.02222039	2.045247959	0.281950197	0.156029214	16.90509988
Va35	NA	0.385245842	436.4534227	15.40728518	7.909022644	105.4833641	35.43284947	2.430072236	1262.650629	0.212735708	62.26262284	2.910161931	0.29352788	0.195222558	25.54880612	13.9709449	0.330413989	313.5087576	9.083493628	6.309554737	75.52591261	26.21501865	2.37225627	1089.058209	0.171443554	43.8521552	2.042917431	0.281950197	0.178747834	20.30863064
Va59	17.2936558	0.407892564	436.4842642	12.20661424	6.795406191	118.1969979	29.19216099	2.44892446	1074.786109	0.244991775	100.2514122	2.980865857	0.301879855	0.192586593	23.54316311	14.87023016	0.36106917	338.7410043	NA	6.130062795	90.60808543	26.12410467	2.721906093	1082.455748	0.203795889	NA	2.345885959	0.315674575	0.191729903	23.33399132
Va85	11.83698684	0.385245842	397.8089369	9.717203514	7.171479944	101.8811678	31.19464995	2.100158313	1272.75344	0.169727618	67.20116545	2.714795818	0.265687964	0.168862907	25.94993472	16.36903891	0.284431217	317.121689	6.92570814	5.614431396	84.76982498	22.19382329	2.445682733	1074.72577	0.131003135	52.59705741	2.049909013	0.262679123	0.159274731	17.66144005
Va99	16.20232201	0.430539285	396.3285416	10.78409383	8.365422829	104.6357885	36.82815805	2.018465342	1472.338919	0.158975596	69.10060492	2.673861966	0.307447839	0.174134837	25.14767752	13.3714214	0.322750194	280.7592827	7.285339054	6.544526007	75.28265176	25.68701821	2.068060924	1209.296074	0.11887101	47.18354652	1.933382656	0.298812386	0.143047145	18.03961013
VaW6	17.65743373	0.333481907	419.3055104	11.85098414	7.492785674	88.10806447	28.73778096	2.348379265	1236.1831	0.191231663	NA	2.863646189	0.346423722	0.187314663	28.75783494	14.27070665	0.284431217	266.569786	6.566077225	5.346825227	71.63373898	20.96648454	2.155473379	1056.872109	0.159311429	45.51785086	1.984654253	0.342172301	0.169011283	NA
W117Ht	14.48968044	0.397411289	439.6644143	12.88345183	6.689668823	98.35397713	24.85806759	2.196551996	1053.756382	0.152722979	66.60878084	2.794890353	0.30731557	0.1825077	36.68774365	14.99713631	0.47976978	309.5294924	6.461278145	4.822385174	75.24637944	18.91340013	2.360177091	862.6316373	0.17473774	104.1526343	2.124488301	0.300787671	0.1569361	17.30343299
W153R	12.5645427	0.327011415	403.668835	9.36157341	4.396566816	104.8476824	NA	2.279254443	845.6226309	0.173311626	46.30733132	2.984587116	0.299095864	0.176770802	21.13639149	12.47213615	0.315086399	360.0980907	6.92570814	3.936997606	92.31091139	14.34025394	2.106522404	679.1834474	0.159311429	55.92844873	2.271309091	0.325310112	0.175502317	NA
W182B	19.47632339	0.459656499	362.2177664	12.91787445	5.207133545	102.9406373	NA	2.464634647	1019.823978	0.209151701	121.5251342	2.848761152	0.299095864	0.229490105	NA	15.76951541	0.384060556	229.8286047	7.285339054	4.446102025	70.41743472	16.36483838	2.288340312	836.8936957	0.171443554	107.5650142	2.007959524	0.303630154	0.201466454	NA
Wf9	15.83854408	0.41112781	392.5658702	16.8298056	8.233979576	109.5093481	39.05582649	2.452066498	1485.654981	0.216319716	86.57544801	2.858064301	0.296311872	0.179406767	30.76347796	15.76951541	0.284431217	266.7446053	8.364231798	5.836348707	71.39047812	23.20786386	2.281347316	1122.361554	0.167399512	NA	2.026603741	0.296403502	0.143047145	NA
Yu796	10.74565304	0.39495158	419.7681339	14.34039487	6.499658871	107.602303	26.27689091	2.247834069	1172.608286	0.298751887	75.938587	2.917604449	0.290743889	0.200494489	27.95557774	13.3714214	0.399388147	326.8824311	9.443124542	5.803713808	78.44504283	22.72182373	2.326801793	1075.905673	0.195707806	62.59123137	2.208384858	0.284359081	0.181993351	24.84667166
